828	559	25	39
828	556	23	42
828	556	23	43
827	556	23	43
827	555	23	42
826	554	23	42
825	555	23	42
825	554	23	42
825	555	23	42
824	555	23	43
822	556	23	43
821	556	23	43
821	557	23	43
821	558	23	43
820	559	23	42
819	559	23	43
818	560	23	43
818	560	23	43
817	561	23	42
816	561	23	43
815	561	23	43
814	562	23	43
814	562	23	42
815	562	23	42
815	564	23	43
815	564	23	43
814	562	23	42
814	562	23	43
814	562	23	43
814	562	23	42
815	563	23	42
815	563	23	43
815	562	23	42
816	561	23	42
817	561	23	42
817	562	23	42
819	562	23	42
820	561	23	43
822	563	23	42
822	563	23	42
824	562	23	42
824	561	22	43
826	562	23	42
826	562	23	43
828	563	23	42
828	563	22	43
828	563	23	43
827	562	23	42
826	563	23	43
825	564	23	43
824	564	23	43
824	564	23	43
823	565	22	43
822	566	22	43
821	567	22	43
821	568	22	43
820	570	22	43
820	570	22	42
819	569	22	42
819	570	23	43
818	571	23	43
818	570	23	43
818	570	23	43
819	571	23	43
818	570	23	43
818	570	23	43
818	569	23	43
817	570	23	43
817	569	23	43
816	569	23	43
816	569	23	43
815	570	23	43
814	570	23	43
813	570	23	43
812	569	23	43
811	568	23	43
810	569	23	43
809	569	23	43
806	570	23	43
805	570	23	43
804	570	23	43
802	571	24	43
801	571	23	43
799	571	23	43
798	571	23	43
797	570	23	43
797	569	23	43
796	570	23	43
795	569	23	43
795	569	23	43
794	568	23	43
794	569	23	43
793	569	23	43
792	569	23	43
791	569	23	43
790	568	23	43
789	568	23	43
788	569	23	43
787	569	23	43
787	569	23	43
785	569	23	43
785	569	23	43
784	568	23	43
784	569	23	43
783	568	23	43
783	568	23	43
782	568	23	43
782	568	23	43
781	569	23	43
782	569	23	43
782	568	23	43
782	567	23	42
782	567	23	43
783	567	23	42
784	567	23	43
785	566	23	42
786	566	23	43
788	565	23	42
789	565	23	42
790	565	23	42
791	565	23	42
792	565	23	43
793	565	23	43
794	565	23	42
794	565	23	43
794	565	23	43
793	565	23	43
793	565	23	43
794	565	23	43
794	565	23	42
795	565	23	43
795	565	23	43
796	565	23	43
798	564	23	43
798	564	23	42
800	563	24	43
802	563	23	43
804	563	23	43
805	563	23	43
807	564	23	43
808	564	23	43
809	564	23	43
810	565	23	43
811	565	23	43
811	565	23	43
812	565	23	43
813	564	23	43
814	564	23	43
815	564	23	43
816	564	23	43
816	563	23	43
816	563	24	43
817	561	23	43
817	561	24	42
818	561	24	42
818	560	24	42
818	559	24	42
818	559	24	42
818	557	24	42
818	555	24	42
819	554	24	43
820	554	24	43
822	552	24	42
823	551	23	43
824	550	23	42
825	549	24	42
827	548	24	42
828	547	24	43
830	545	24	42
832	543	24	42
834	542	24	42
835	540	24	42
835	538	24	42
837	536	24	42
838	536	24	42
839	535	24	42
839	534	24	42
839	533	24	42
839	533	24	42
840	531	24	42
841	530	24	42
842	530	24	43
842	530	24	43
842	530	24	43
843	530	25	42
844	531	25	43
846	531	25	42
847	530	25	42
849	529	26	42
852	528	25	42
853	527	26	42
857	527	25	42
859	526	25	43
860	526	25	43
861	525	25	42
861	525	25	43
862	525	26	43
862	525	26	43
863	524	25	43
864	524	25	43
866	522	25	42
867	521	25	43
871	520	24	43
872	520	24	43
875	518	25	43
881	517	25	43
886	516	25	43
891	515	25	42
894	514	25	43
894	514	25	43
896	514	25	43
896	514	25	43
897	515	25	43
898	516	25	43
898	516	25	43
899	516	25	43
899	517	25	43
900	517	25	43
901	518	25	43
903	518	25	43
903	519	25	43
905	519	25	43
906	519	26	43
907	520	26	43
908	520	25	43
911	519	25	43
912	519	26	43
914	519	26	43
915	518	26	43
916	518	26	44
918	518	26	43
919	518	26	44
920	518	26	44
920	518	26	43
920	518	25	43
921	518	26	44
922	520	25	43
922	520	26	43
923	520	26	43
924	519	26	43
924	519	26	43
925	519	26	44
926	519	26	43
927	518	26	43
927	518	26	43
928	518	26	43
927	518	26	43
927	517	26	44
928	517	26	44
928	517	26	43
928	517	26	43
928	516	26	43
928	517	26	43
928	516	26	43
929	516	26	43
928	516	26	43
928	515	27	43
927	515	26	43
927	514	26	43
927	512	26	44
927	510	26	44
927	508	26	44
926	507	26	43
926	506	26	43
926	505	26	43
925	503	26	43
925	502	26	43
923	499	26	43
922	498	26	43
921	495	27	43
920	493	26	43
918	489	26	43
915	483	26	44
913	478	26	44
910	472	27	44
908	467	26	44
906	461	26	44
905	456	28	44
904	452	27	44
903	447	27	44
903	443	27	43
901	439	28	43
900	434	27	43
900	431	27	43
899	429	27	43
899	427	28	44
899	426	27	43
899	424	27	43
901	423	27	44
902	420	27	44
903	420	27	44
903	418	27	44
903	418	27	43
904	416	27	43
905	415	27	44
905	414	27	43
905	412	27	44
905	413	27	44
906	412	27	43
906	413	27	43
908	412	27	43
911	411	27	43
914	410	28	43
917	409	27	43
920	407	28	43
923	405	27	43
925	402	27	43
927	401	27	43
930	399	27	43
933	398	27	43
938	398	27	43
945	400	27	44
955	402	27	44
965	407	27	44
976	413	27	43
986	421	27	44
995	426	28	44
1002	428	27	44
1007	429	28	43
1010	427	27	43
1011	426	27	43
1012	424	27	43
1015	421	28	43
1016	420	28	43
1018	418	28	44
1019	417	27	43
1021	416	27	44
1022	416	28	44
1024	416	27	43
1025	415	28	44
1027	414	28	43
1028	414	28	44
1030	413	28	44
1031	412	28	44
1033	412	28	44
1033	412	28	44
1035	411	28	44
1036	411	28	44
1038	411	28	44
1039	410	28	43
1038	409	28	44
1036	412	28	44
1033	414	28	45
1028	417	28	45
1019	422	29	44
1011	424	28	44
1002	427	29	45
995	427	28	44
988	428	28	44
982	428	28	44
977	428	28	43
972	426	28	44
966	425	28	43
959	423	28	43
949	421	28	43
939	418	28	44
931	417	29	43
926	415	29	44
922	413	29	44
920	413	28	44
917	413	28	44
914	411	28	44
911	410	28	44
907	408	28	44
904	406	28	44
901	404	28	44
899	402	28	44
898	401	28	44
898	399	29	44
898	397	28	44
897	395	28	44
896	393	29	44
896	391	29	44
895	389	29	44
895	389	29	44
896	388	29	44
897	386	29	44
897	385	29	44
897	384	29	44
896	382	29	44
896	381	29	44
894	380	29	45
895	380	30	45
896	379	29	44
896	379	30	44
896	379	29	44
898	380	29	44
898	380	29	44
899	381	29	44
899	382	30	45
900	383	29	43
901	383	29	44
902	384	30	44
903	383	30	43
903	382	30	43
903	381	30	44
904	380	29	43
904	379	29	44
904	377	29	44
904	375	29	44
906	374	30	44
907	373	30	44
909	373	30	44
910	372	31	44
911	372	31	45
912	373	31	45
913	373	31	45
914	373	30	44
914	373	30	44
914	373	31	44
913	374	31	44
913	375	31	44
913	375	31	44
914	375	30	44
914	375	31	45
916	376	31	44
917	375	31	44
918	375	31	45
919	375	31	45
920	376	31	45
921	376	30	45
923	377	31	45
924	378	32	45
924	379	32	45
925	381	32	44
926	383	32	45
926	384	32	45
928	385	32	45
928	386	31	44
929	387	30	44
928	389	30	44
928	391	30	44
926	389	30	45
925	389	30	44
924	388	30	45
916	391	31	45
910	395	31	46
907	397	31	44
908	397	31	44
909	396	32	44
909	394	31	45
909	393	32	44
909	392	31	45
909	391	32	45
909	391	31	45
908	390	31	45
908	389	32	45
909	389	33	44
910	387	32	45
910	385	31	45
911	384	32	45
911	382	32	46
912	381	31	46
912	379	32	46
912	379	31	45
912	377	31	46
912	377	34	45
913	377	33	45
914	375	34	45
914	374	34	45
916	373	34	45
917	373	33	45
918	371	32	46
918	372	32	45
919	371	32	45
919	369	32	46
920	370	32	45
920	370	33	45
922	370	32	45
924	370	33	45
924	371	32	45
925	371	32	45
926	372	32	45
926	373	31	45
926	374	32	45
927	375	32	45
927	376	32	45
928	377	32	45
927	379	33	45
929	380	33	45
930	383	32	45
929	384	32	45
930	386	32	45
932	387	33	45
932	386	33	45
932	387	33	45
932	386	33	45
930	386	33	45
929	387	33	45
928	386	33	46
927	388	32	45
923	391	33	46
920	396	33	46
920	398	33	45
920	400	33	45
921	401	33	45
922	401	34	46
923	400	33	45
923	401	33	45
923	400	33	46
923	400	33	46
924	400	33	46
923	400	34	45
923	401	34	45
924	402	33	45
925	402	34	45
926	403	33	45
926	404	33	45
927	406	32	45
927	407	33	45
928	408	33	45
928	410	33	45
928	411	33	45
928	412	34	45
928	413	33	45
927	413	33	45
927	416	33	45
925	420	34	46
922	424	33	46
920	428	33	46
920	428	33	46
920	428	34	46
920	428	34	45
919	430	33	46
919	431	34	45
917	431	34	45
918	431	34	45
916	430	34	45
916	428	34	46
914	428	34	45
908	429	34	46
901	430	34	45
897	428	34	46
892	427	34	46
889	426	35	45
885	424	35	45
880	422	35	46
872	421	35	45
865	419	34	46
860	417	34	46
857	415	36	46
855	414	36	46
854	412	36	46
855	410	36	45
854	408	36	45
854	407	36	45
853	405	37	46
853	404	36	45
853	404	36	45
854	403	36	46
855	402	36	46
855	401	37	45
856	400	36	46
856	399	37	46
855	399	36	46
854	398	36	46
854	398	36	45
855	398	36	45
855	398	36	45
855	398	37	45
856	398	36	46
857	398	35	45
856	399	36	45
857	399	35	45
859	399	36	45
859	399	36	45
860	400	36	45
861	401	36	45
861	402	36	45
861	402	36	45
861	402	36	46
861	403	37	46
862	402	37	45
863	402	36	45
863	401	37	45
863	399	36	46
862	398	37	46
862	398	37	46
861	398	37	46
864	399	36	46
866	399	36	45
868	398	35	45
870	397	36	46
871	395	36	46
872	394	37	46
873	393	36	46
873	393	36	46
872	392	36	46
871	392	37	46
871	392	37	46
873	392	36	45
874	392	37	46
874	393	36	46
875	393	36	45
874	394	36	46
874	395	36	45
872	396	37	45
872	397	37	45
871	399	35	46
871	400	36	46
867	402	35	48
860	407	36	49
855	410	36	48
849	415	36	48
844	418	36	47
840	422	36	48
836	425	36	48
834	428	36	48
833	427	38	46
832	427	38	46
830	424	39	47
829	422	38	47
828	422	38	46
828	419	37	47
822	414	38	48
818	409	37	48
815	407	38	47
816	406	37	47
817	405	37	47
816	404	37	47
815	403	37	47
815	400	36	47
812	399	38	47
813	398	36	47
812	397	37	46
812	397	37	47
813	396	37	46
815	393	37	46
817	391	37	47
819	391	38	46
821	388	37	46
824	388	36	46
824	386	37	46
824	385	37	46
825	384	37	46
826	383	37	47
828	383	37	46
830	382	37	47
832	382	37	47
832	383	38	47
834	384	38	47
836	384	37	47
838	384	38	47
840	385	38	47
841	386	37	47
842	387	37	47
842	389	38	47
844	389	38	46
845	390	37	46
848	392	38	46
849	394	38	46
852	394	37	45
855	392	38	46
856	391	38	46
855	390	38	46
855	390	38	47
854	390	37	46
853	391	38	47
855	392	39	46
857	392	38	47
859	391	40	46
865	391	37	46
868	390	37	46
871	391	37	46
871	390	39	46
873	391	38	46
873	391	38	46
875	391	38	46
875	392	39	46
878	392	38	46
880	393	38	46
881	395	39	46
881	395	39	46
881	396	39	46
882	398	39	46
881	399	39	45
880	401	39	45
881	403	39	45
881	404	39	45
882	404	39	45
882	405	39	45
882	406	39	45
882	408	39	45
880	410	38	45
879	412	39	46
879	412	39	46
879	411	39	46
879	410	39	46
877	408	39	46
877	407	40	46
873	407	39	46
864	408	39	46
859	408	39	46
857	409	40	46
857	408	40	47
856	409	40	46
853	408	39	46
850	408	40	46
848	408	40	46
845	405	40	46
843	403	40	47
843	401	40	47
843	399	40	46
843	398	41	47
843	396	41	46
845	394	40	46
845	393	40	47
845	393	40	46
845	391	40	47
845	391	40	47
846	388	39	47
846	387	40	46
847	386	40	46
847	385	40	47
848	384	40	47
848	384	40	47
848	383	40	46
849	384	40	46
849	383	40	47
851	384	40	47
851	384	41	47
852	385	41	46
853	386	41	46
855	385	41	47
854	386	41	47
854	386	41	47
855	384	41	47
857	384	39	47
857	381	41	47
857	380	41	47
857	380	41	47
858	379	41	47
859	378	41	47
858	377	42	47
859	378	40	47
862	380	40	47
863	381	40	46
865	382	41	47
870	380	41	48
873	379	41	47
875	378	40	47
876	378	40	47
877	378	40	46
876	378	41	46
875	378	41	47
877	379	40	46
879	378	40	47
880	380	40	47
882	381	40	46
882	382	42	47
882	384	42	46
882	384	42	46
883	385	41	46
883	387	41	47
882	389	41	47
882	389	42	47
883	390	41	47
883	392	42	46
884	393	43	46
884	394	43	46
884	393	42	47
885	394	40	47
884	394	41	47
884	397	41	47
877	401	41	49
869	408	41	48
867	413	40	48
866	415	41	47
867	413	41	48
868	411	41	48
866	409	42	48
865	407	42	49
863	407	42	49
849	406	43	48
834	405	43	49
825	404	42	48
822	402	42	49
823	400	43	49
825	397	43	50
826	394	43	50
827	392	43	50
827	388	43	50
826	386	43	50
827	381	42	49
824	375	42	49
823	369	43	50
823	365	43	49
824	363	43	49
827	362	43	48
828	360	43	48
829	359	44	48
829	357	43	48
829	357	43	48
828	356	43	48
828	356	43	48
828	355	44	48
827	355	43	48
828	355	44	48
829	356	43	48
829	355	43	48
832	357	42	48
832	358	43	48
834	359	43	48
834	360	43	47
834	362	44	47
834	364	43	48
837	367	43	47
839	368	43	48
839	367	43	48
841	367	43	48
839	368	44	48
839	369	44	48
837	370	44	48
835	370	44	48
835	369	44	49
836	368	44	49
838	366	44	49
839	365	44	49
841	363	44	49
843	362	44	49
845	360	44	49
846	358	44	49
849	356	44	49
850	355	44	49
851	353	44	49
853	353	43	48
852	353	44	49
851	354	44	48
852	354	44	49
851	353	44	49
849	355	44	48
849	355	44	48
847	356	45	48
846	357	45	48
845	359	45	48
842	360	45	48
840	363	45	48
839	364	45	48
839	365	46	48
838	366	45	49
836	368	45	48
834	369	46	48
836	369	45	48
837	366	45	49
838	363	45	49
838	360	45	49
838	359	45	50
837	359	45	48
835	358	46	49
830	356	45	50
825	353	45	49
825	351	45	49
825	349	45	49
822	344	46	50
819	337	45	50
817	331	44	51
815	326	46	50
815	322	47	50
817	322	46	49
818	319	46	50
820	320	46	49
822	319	46	49
824	319	46	49
825	319	46	49
823	319	46	48
824	318	47	49
824	318	45	49
824	318	44	49
824	317	46	49
823	317	47	50
823	317	46	49
823	317	46	49
823	317	47	49
822	318	46	49
822	320	47	48
822	321	46	48
821	322	46	49
822	323	46	49
821	325	45	49
821	326	45	49
821	328	46	49
820	327	46	48
821	328	47	49
820	326	47	49
819	326	47	49
817	322	48	50
815	324	47	49
813	324	47	49
812	325	47	50
814	325	47	51
813	326	48	50
812	328	49	50
816	328	47	51
816	328	47	50
815	330	48	49
817	329	46	50
816	329	46	50
816	328	46	49
817	328	47	50
817	329	47	49
819	329	47	50
821	329	47	49
822	329	46	50
824	330	46	49
824	330	46	49
822	330	46	49
823	331	47	49
822	332	47	48
821	333	47	49
821	333	47	49
820	335	47	49
817	337	46	49
815	340	47	50
811	344	46	50
807	347	47	49
804	350	47	50
801	352	46	49
798	354	47	48
798	357	47	50
797	359	47	50
794	362	47	49
795	362	47	49
793	363	48	49
793	363	47	49
791	361	48	50
789	361	47	49
787	361	48	49
777	360	48	50
769	358	49	51
758	358	49	50
749	356	49	51
742	356	49	50
738	356	49	50
739	356	50	50
738	356	49	50
738	355	49	50
738	355	49	51
738	354	49	51
738	354	49	50
738	352	49	51
740	352	47	51
738	353	49	50
739	352	48	50
740	352	48	50
740	353	48	49
741	354	48	49
742	354	47	49
742	352	48	50
742	353	46	50
742	352	47	50
742	353	47	49
742	352	49	50
744	352	47	50
746	352	46	50
747	353	46	50
749	353	46	50
750	354	47	49
751	355	46	50
753	356	46	50
755	356	46	49
754	356	48	49
756	356	47	49
757	357	47	49
758	358	47	49
759	358	47	50
761	356	47	51
764	356	47	51
765	355	48	51
765	354	48	50
765	355	47	50
765	355	48	51
767	355	47	53
768	356	48	51
770	356	48	52
775	355	46	51
779	354	46	52
781	354	47	51
782	354	47	51
784	353	47	51
785	352	48	52
786	352	47	50
787	352	47	51
789	352	47	50
791	352	47	50
792	352	47	50
792	353	47	50
792	354	48	50
791	355	48	50
792	356	48	50
792	356	48	50
793	357	48	50
792	359	49	50
793	361	48	50
794	363	48	50
794	365	48	50
793	368	48	50
794	370	48	50
794	374	48	52
793	379	48	50
795	380	48	50
794	378	49	51
795	378	49	50
796	377	50	51
796	372	50	52
795	369	49	51
794	368	49	50
791	368	49	50
786	368	49	50
779	367	48	52
777	368	49	51
778	369	49	51
777	369	49	52
776	368	49	52
773	368	49	52
768	366	50	51
764	363	50	52
762	359	51	53
762	357	51	52
764	356	50	52
766	357	50	52
770	355	50	52
772	355	50	52
776	354	49	52
777	353	50	51
777	353	50	51
777	354	49	51
777	354	49	50
776	354	50	51
776	353	50	52
775	353	50	51
777	353	49	51
778	353	50	51
780	353	49	51
780	353	50	51
782	353	49	50
784	354	49	51
785	355	49	50
786	357	50	51
786	360	50	51
789	363	50	50
790	366	50	51
792	369	50	50
793	370	49	50
796	370	49	50
799	370	49	49
802	368	48	50
804	365	50	52
805	366	50	50
806	367	49	50
805	369	50	50
808	370	49	51
810	372	50	51
815	373	49	50
823	374	50	50
838	376	50	50
848	378	48	51
852	381	48	50
852	383	48	50
854	383	48	50
854	384	49	49
856	385	50	50
859	386	48	50
863	386	47	51
863	388	49	50
866	389	48	50
866	392	48	50
867	393	48	50
868	395	49	50
871	399	48	51
872	404	48	51
874	411	48	51
873	418	49	52
874	424	48	52
876	429	48	51
877	431	48	50
879	431	48	51
881	430	49	51
883	431	48	51
884	433	49	50
883	434	49	50
885	434	48	50
887	434	49	50
887	430	48	51
889	431	49	50
890	428	49	51
891	429	49	50
892	427	49	50
895	427	49	51
897	424	49	51
898	425	48	50
899	425	49	50
901	424	49	51
902	424	49	51
903	424	49	50
904	423	49	50
906	422	49	50
906	423	49	50
908	423	49	50
910	424	49	50
912	424	49	50
914	424	49	50
914	423	50	50
917	422	48	50
918	423	49	50
920	423	48	50
921	424	48	49
922	424	49	50
924	424	48	50
926	424	49	49
928	424	48	50
930	424	48	50
934	425	47	49
936	426	47	49
938	427	47	49
940	428	48	49
941	429	49	49
942	429	49	48
945	428	50	49
947	428	49	48
949	426	49	50
952	424	49	50
956	420	48	52
958	420	48	51
959	420	48	51
962	420	48	51
964	422	48	50
967	423	48	51
971	425	48	51
975	426	48	51
988	427	48	50
1000	428	49	51
1007	429	49	52
1008	431	49	51
1009	432	49	50
1010	433	48	50
1012	434	49	50
1014	434	48	51
1017	435	48	51
1020	436	48	51
1021	437	49	51
1022	439	49	50
1025	441	48	50
1025	441	49	51
1027	443	48	49
1028	444	48	49
1030	446	48	49
1032	447	47	50
1034	449	47	50
1036	449	47	51
1037	452	47	49
1038	453	46	50
1038	454	47	49
1039	455	47	49
1040	454	47	49
1041	455	48	49
1041	456	48	49
1040	455	48	50
1041	456	48	49
1041	453	48	50
1042	451	48	50
1041	449	48	50
1034	448	47	50
1027	446	47	50
1021	446	48	49
1018	443	47	50
1013	443	47	51
1009	442	47	50
1005	442	48	50
1003	442	48	49
1003	442	48	49
1002	442	48	49
1002	441	47	50
1001	440	48	50
1002	440	47	50
1000	441	48	49
999	441	47	49
999	442	47	50
999	442	47	50
999	442	47	50
999	443	47	50
999	444	47	49
999	443	47	50
999	442	47	50
999	442	47	50
999	442	47	50
998	442	48	50
995	443	49	49
996	442	48	50
996	442	49	50
997	443	48	49
996	443	49	49
998	443	48	49
999	444	47	49
1000	444	47	49
1000	445	47	49
1000	443	48	49
1001	443	47	49
1001	441	48	50
1001	438	48	50
1001	438	47	50
1000	439	48	49
1000	439	48	49
1001	440	47	49
1002	440	47	49
1003	440	47	49
1004	440	48	49
1007	439	48	50
1008	439	48	49
1009	440	47	49
1009	441	48	49
1009	440	48	49
1010	439	47	49
1010	439	48	49
1011	440	47	49
1012	440	48	49
1013	440	48	49
1014	441	47	48
1015	441	47	49
1014	441	48	48
1015	442	48	49
1014	442	48	49
1014	442	48	48
1013	443	48	49
1013	444	48	48
1013	444	48	48
1012	444	48	49
1012	444	47	49
1011	444	48	49
1010	444	48	49
1008	443	49	49
1008	443	48	49
1007	443	48	49
1006	441	48	49
1006	440	48	49
1005	438	48	49
1003	438	48	49
1001	438	48	49
1001	438	48	50
1000	438	48	49
999	438	48	48
997	437	48	48
996	436	48	49
994	434	48	49
991	431	48	48
985	427	46	50
978	423	47	50
972	418	48	49
970	418	48	47
971	417	47	48
971	416	47	49
972	415	47	49
972	415	47	48
973	414	47	48
975	411	47	49
976	412	46	49
977	410	47	49
979	410	47	49
979	409	47	49
978	409	47	49
979	409	47	49
978	406	47	50
978	407	47	49
977	407	47	48
977	406	47	49
978	406	47	48
977	403	48	50
978	403	47	49
978	404	47	48
976	403	48	49
976	403	47	49
974	403	47	47
975	403	47	48
972	402	47	48
973	403	47	47
971	402	48	48
969	402	48	48
968	403	48	48
967	403	48	48
968	403	46	48
965	404	47	48
965	404	47	47
965	404	47	48
964	405	48	47
964	404	47	47
962	404	48	48
964	403	47	48
962	403	48	48
961	402	49	48
960	401	48	48
959	398	48	49
957	395	48	49
956	395	48	49
954	391	49	50
953	391	50	49
951	390	50	49
950	390	50	49
951	390	49	50
951	390	49	50
950	391	48	49
951	391	48	50
950	390	48	50
950	390	49	50
950	389	48	50
949	388	48	50
949	388	49	50
949	387	48	50
950	387	48	50
950	387	48	49
950	387	47	49
950	388	48	49
950	388	48	49
949	389	48	48
949	389	48	49
949	391	48	49
947	393	48	49
947	394	48	48
946	396	48	48
945	397	48	48
944	398	47	48
943	398	48	48
942	399	48	48
941	400	47	48
940	402	48	48
939	403	47	48
937	404	47	48
934	408	47	49
933	410	47	48
932	410	47	49
929	414	47	49
925	418	47	49
919	424	46	49
913	430	46	49
905	436	46	49
899	442	46	49
893	444	47	48
893	445	47	49
892	444	47	49
891	444	47	49
889	442	48	49
887	441	48	49
886	441	48	48
882	440	48	48
879	440	48	48
875	440	48	49
871	440	48	48
866	441	49	48
862	442	48	49
860	443	49	49
861	443	48	50
859	443	48	49
860	443	48	49
858	441	48	50
858	441	47	49
858	440	48	50
856	440	48	49
857	440	48	49
857	439	48	49
858	438	47	49
857	438	46	49
858	436	47	49
856	436	48	49
857	434	47	50
856	432	47	49
857	432	47	49
857	429	47	50
857	430	46	49
858	429	46	49
858	429	46	49
859	429	46	48
861	429	46	48
861	428	46	49
862	428	46	49
863	427	46	49
863	427	46	50
864	427	47	49
866	426	46	49
868	426	47	48
869	426	47	48
872	426	47	49
876	425	46	49
881	425	48	49
888	424	49	47
900	422	49	49
907	418	50	50
914	417	49	47
917	416	48	48
915	416	49	49
914	415	50	50
917	416	49	49
917	416	51	50
919	416	51	51
924	415	48	51
929	414	50	51
938	414	48	49
941	414	47	50
942	415	47	50
941	415	47	50
943	416	47	49
945	416	48	50
948	416	47	51
949	417	47	50
950	418	47	51
951	419	47	51
952	421	46	50
953	422	45	50
954	424	45	50
953	424	45	51
953	426	45	52
954	429	44	51
954	431	45	51
954	433	45	51
954	436	46	50
954	436	46	52
955	441	46	51
956	442	46	52
955	444	47	51
957	444	45	49
958	445	45	49
959	446	45	48
959	448	45	49
960	446	45	50
959	447	45	48
960	445	45	49
957	444	45	49
956	445	45	49
954	445	45	48
953	445	45	47
955	442	45	49
956	441	45	48
956	440	45	49
957	440	45	48
957	440	44	48
956	441	45	47
957	442	44	47
959	442	45	47
958	441	45	48
960	442	45	48
961	443	45	48
962	444	45	47
961	444	46	48
962	445	46	47
963	446	45	47
963	445	45	48
965	446	45	47
964	444	46	49
968	444	44	48
968	442	45	49
971	443	44	47
972	441	44	48
976	442	44	47
975	441	45	47
976	442	44	48
977	442	45	48
977	443	45	48
978	443	45	48
979	444	44	48
981	443	44	49
982	443	45	48
983	443	45	49
984	442	44	49
985	443	45	48
984	443	45	49
986	443	44	49
986	442	44	49
988	443	44	48
989	441	44	49
992	441	44	49
995	438	44	49
997	436	45	49
999	434	45	48
999	432	46	49
1000	431	45	49
999	431	45	48
997	433	46	48
997	434	45	47
998	436	45	48
1000	437	45	48
1001	438	45	47
1003	438	45	48
1004	438	44	48
1005	439	44	48
1004	438	45	49
1003	436	45	49
1003	438	44	47
1002	437	45	48
1001	438	45	47
1003	439	45	47
1003	438	45	48
1006	439	44	47
1006	438	44	48
1006	438	44	48
1007	438	44	48
1007	438	44	48
1005	439	45	47
1004	441	45	48
1003	441	45	48
1003	440	45	49
1001	442	45	48
1000	443	45	48
1000	443	43	49
1000	444	44	49
998	445	45	48
997	445	44	48
996	443	44	49
994	446	45	49
994	447	44	48
992	448	45	48
991	444	44	50
993	447	44	48
990	445	44	48
987	444	44	48
985	443	45	48
979	440	45	49
972	438	44	49
966	435	44	49
960	435	45	47
955	434	45	48
951	434	45	47
946	433	45	47
943	433	45	48
941	433	45	48
942	431	44	49
939	432	46	48
939	431	45	48
940	431	45	48
939	430	45	48
939	432	45	47
939	430	44	48
938	430	44	48
937	430	45	48
938	430	44	48
937	430	45	47
938	428	44	48
939	429	44	47
937	427	45	48
938	426	44	48
939	426	44	47
939	426	45	48
940	425	44	48
941	425	44	48
942	425	43	47
943	424	44	48
945	425	43	47
945	424	44	47
948	425	43	47
949	425	43	47
950	425	43	47
952	426	43	47
954	427	44	47
956	427	43	47
958	428	42	47
960	429	43	47
963	427	43	47
967	426	44	48
979	424	43	49
986	422	44	47
989	422	42	48
989	421	43	48
989	423	43	48
991	425	43	47
994	424	43	48
998	424	43	48
1000	422	43	48
1008	422	43	48
1010	423	43	48
1011	423	43	48
1011	423	44	48
1013	424	43	47
1015	425	43	47
1017	425	43	47
1020	426	43	47
1021	426	43	47
1023	427	42	48
1023	427	42	48
1023	429	42	48
1024	428	42	48
1024	430	42	48
1024	431	42	48
1024	432	42	48
1024	433	42	47
1026	432	42	48
1027	434	41	48
1026	434	42	48
1028	436	41	48
1026	437	42	47
1026	436	42	48
1026	435	42	49
1026	436	42	48
1027	437	41	48
1026	439	42	47
1025	440	42	47
1026	440	42	47
1023	439	43	48
1024	438	42	48
1022	437	43	48
1022	438	41	47
1020	438	43	47
1019	436	43	48
1019	435	43	48
1018	435	42	47
1016	433	42	48
1016	432	42	48
1013	432	43	47
1011	430	44	48
1007	426	43	49
1002	423	43	49
1000	420	43	48
998	416	43	48
996	412	44	49
995	411	43	48
992	409	44	48
988	407	44	47
987	406	43	47
987	405	42	47
986	406	43	47
986	405	43	47
987	406	41	47
986	405	42	47
985	406	42	47
985	407	42	47
983	407	42	47
982	407	42	47
983	408	41	47
981	407	42	47
981	409	42	47
982	409	41	47
980	409	42	47
981	409	41	47
981	409	41	48
979	410	42	47
979	410	42	47
980	409	41	48
980	407	42	48
980	407	43	48
978	405	43	47
977	404	43	47
977	405	42	47
975	403	43	48
976	404	42	47
975	405	43	47
975	406	43	47
975	408	43	48
977	411	41	47
975	413	43	47
977	412	42	48
978	414	42	47
978	414	41	47
978	413	41	48
979	413	41	47
980	414	40	47
980	413	41	48
980	413	41	47
981	411	41	47
982	412	40	48
981	411	42	48
982	412	41	47
981	411	41	47
981	412	41	47
980	412	41	47
980	412	41	48
979	413	41	47
979	413	41	47
977	413	41	47
977	414	41	48
976	416	41	47
975	417	42	47
972	418	41	47
972	418	41	47
971	417	42	47
970	417	43	48
968	417	43	48
967	418	41	47
966	419	40	47
965	416	40	49
963	419	40	46
958	416	40	47
950	415	40	48
941	413	40	48
932	410	40	48
923	407	41	49
915	403	40	49
908	398	41	47
902	394	40	47
896	390	41	48
890	388	41	48
887	387	41	49
887	389	40	48
885	387	41	48
885	387	41	48
882	386	42	49
882	385	41	49
881	385	41	48
881	384	41	49
881	383	41	49
881	382	40	48
882	383	40	49
882	382	40	49
882	382	40	48
883	382	39	48
881	382	41	48
881	381	41	48
882	381	40	48
881	381	40	48
881	380	41	49
881	379	41	48
881	381	41	48
881	380	40	48
881	379	40	48
881	381	40	48
880	381	40	47
881	382	40	47
881	383	40	48
880	384	40	47
880	385	40	48
879	387	40	47
878	388	40	47
878	390	40	47
877	391	40	47
876	391	40	47
877	389	39	48
877	389	40	48
876	388	40	48
873	387	41	48
871	387	41	48
869	386	42	48
865	387	41	48
863	389	41	48
862	390	40	48
862	392	41	48
862	392	40	48
862	391	40	48
861	391	40	48
860	391	40	47
856	390	41	48
853	390	41	47
844	391	40	47
838	392	42	46
840	391	40	48
840	391	40	48
839	392	40	48
837	394	41	48
836	394	41	48
833	397	40	48
829	399	40	48
822	402	41	48
816	405	40	48
812	407	40	48
811	410	40	48
809	411	40	48
805	414	42	49
802	418	40	49
798	421	43	48
796	422	43	47
796	423	42	47
795	423	43	48
795	424	42	47
792	424	42	47
791	424	41	47
789	425	41	48
787	423	41	48
786	422	40	48
781	421	41	47
777	419	41	48
775	418	41	48
774	416	42	48
770	413	41	48
767	411	42	48
765	409	41	48
763	409	41	48
763	409	40	47
762	410	41	48
761	409	41	48
762	409	40	48
761	408	40	47
761	406	40	47
758	404	42	48
756	403	43	48
757	402	41	48
757	400	40	48
759	398	39	48
758	397	39	48
758	396	39	48
758	395	39	48
756	395	40	48
755	394	39	48
753	394	39	48
752	395	39	48
750	394	39	48
749	395	39	48
747	394	39	48
746	395	38	48
745	395	38	48
743	396	39	48
741	398	39	48
739	399	39	49
736	400	39	49
733	402	40	49
731	405	40	49
728	407	41	48
724	410	41	49
722	414	41	49
717	417	40	49
710	423	40	49
700	432	41	49
691	440	41	49
691	443	40	48
690	443	41	48
690	440	41	49
690	437	41	49
689	435	40	49
686	434	41	49
684	436	40	48
682	437	41	49
681	436	41	49
682	435	40	48
683	434	40	49
682	432	40	49
682	429	40	49
682	428	39	48
679	426	40	49
678	425	41	49
675	425	41	48
675	425	40	48
674	425	39	49
675	426	39	49
675	426	39	49
674	427	39	49
675	428	39	49
674	428	39	48
672	427	40	49
671	429	40	48
668	428	42	49
668	429	40	48
667	428	40	48
666	428	40	49
663	428	41	49
664	430	40	48
663	429	40	48
662	428	40	48
660	426	39	49
659	427	40	49
658	427	39	48
656	428	39	49
655	428	40	48
655	427	40	48
654	426	39	48
652	424	40	49
650	424	40	49
648	423	39	49
647	421	39	49
644	420	39	49
643	420	39	49
641	420	40	49
639	420	40	49
637	421	40	49
636	420	39	49
636	421	39	49
634	419	40	49
635	418	40	49
636	416	40	48
637	413	40	49
638	410	39	49
639	407	39	49
640	405	39	49
641	404	39	48
643	402	39	49
644	402	38	49
644	401	39	49
646	400	38	48
646	399	38	49
647	399	38	48
647	398	38	48
647	397	39	48
648	397	38	48
648	397	38	48
649	397	38	48
650	397	38	49
651	398	37	48
652	397	38	48
653	397	38	48
653	397	38	48
655	397	38	48
656	397	37	49
656	397	37	48
657	397	37	49
658	395	38	48
660	395	38	49
664	392	39	50
668	390	38	49
671	390	38	49
673	390	37	48
674	390	37	49
675	390	38	49
674	391	38	49
675	393	38	49
677	395	37	49
678	397	37	48
682	396	38	49
686	395	38	49
688	395	37	49
687	396	37	49
687	395	38	49
686	397	37	48
687	396	38	49
687	397	37	49
687	396	38	49
688	396	38	48
688	397	38	49
689	397	38	48
689	397	38	48
690	397	38	48
690	397	38	49
688	398	38	49
689	399	38	49
689	399	38	48
689	400	38	49
689	401	37	49
689	402	37	49
689	404	37	49
688	405	37	49
688	404	38	48
689	406	37	49
689	407	37	49
689	409	37	49
690	409	37	49
690	408	38	49
691	408	38	49
692	405	38	49
692	405	37	49
692	404	37	49
691	402	37	49
691	401	37	49
691	399	38	49
693	398	38	49
695	396	38	50
700	394	37	49
704	392	38	50
705	392	38	49
706	391	37	49
708	389	38	49
709	386	38	49
710	384	38	49
711	382	38	49
713	380	38	49
716	378	37	49
720	376	37	49
724	373	37	49
727	372	37	49
731	370	37	49
735	370	37	49
738	368	37	49
740	367	37	49
742	368	37	49
743	367	37	49
747	367	36	49
749	365	37	49
751	365	37	49
753	366	36	49
754	366	36	50
753	367	37	49
754	367	37	49
755	368	36	49
755	370	37	49
757	370	36	49
759	372	35	49
762	373	35	49
762	374	36	49
763	375	36	48
764	374	36	49
767	373	36	49
770	373	36	49
772	373	36	49
775	372	35	49
777	372	35	49
778	371	36	49
781	371	35	49
781	372	35	49
780	372	35	49
780	375	36	49
780	375	36	49
781	376	36	49
784	376	37	49
788	375	37	50
793	375	36	50
796	374	36	50
796	374	36	49
796	372	36	49
796	371	36	50
798	370	35	50
798	371	35	50
799	370	35	50
800	369	35	50
801	368	35	50
801	369	35	50
802	369	35	50
802	369	35	50
800	368	34	50
799	368	35	49
799	367	35	49
799	366	35	49
799	365	34	49
799	364	35	49
799	363	34	49
799	363	34	50
798	362	35	50
798	362	34	50
796	362	34	50
795	362	34	50
795	362	34	50
793	362	34	50
793	363	34	50
792	364	33	50
790	364	33	50
788	364	33	50
786	365	33	50
784	365	34	50
782	364	34	50
778	366	35	50
776	368	34	50
772	367	35	51
771	368	35	50
769	368	35	50
766	367	35	51
763	367	35	51
760	366	35	50
753	364	35	51
746	362	36	51
740	361	36	50
739	361	37	51
738	360	36	51
739	361	36	51
738	360	36	50
738	360	36	50
738	359	36	50
738	359	36	51
737	359	36	50
737	358	36	50
736	358	35	50
737	358	35	50
737	357	36	50
737	356	36	50
737	356	35	50
737	356	35	50
737	356	35	50
737	356	35	50
736	355	35	49
736	354	34	50
737	353	35	50
737	353	35	50
737	351	35	49
738	351	34	50
739	351	35	50
740	349	34	50
740	350	34	50
739	350	33	50
738	351	33	50
738	351	34	49
738	352	33	50
737	353	34	50
736	354	34	50
736	356	34	50
735	357	34	50
735	358	34	50
736	360	34	49
736	360	33	49
737	362	34	49
737	363	34	50
736	365	34	50
736	367	33	49
736	369	33	50
736	369	34	49
736	369	33	49
737	370	33	49
738	370	33	50
738	372	34	50
738	372	34	50
738	372	33	50
739	373	33	50
740	373	33	50
741	374	33	50
744	377	33	50
747	380	33	50
751	383	33	50
756	388	33	50
761	392	33	50
768	393	33	49
774	397	33	50
781	398	33	49
786	399	34	49
790	399	33	49
794	399	34	49
797	397	33	49
799	396	33	49
800	395	33	49
802	393	33	49
804	391	33	49
805	390	33	49
807	390	33	49
809	391	33	49
811	391	33	49
813	391	33	49
816	391	33	49
818	392	32	49
819	393	32	49
818	393	32	49
819	393	32	49
819	394	32	49
819	394	32	49
820	394	33	49
820	393	32	49
820	394	33	49
821	393	32	49
821	394	32	49
821	394	32	49
821	394	32	49
821	393	33	48
822	394	32	49
822	393	32	49
821	392	32	49
821	392	33	49
822	391	33	49
821	391	32	49
821	390	32	49
820	389	32	49
820	389	32	49
820	389	32	49
819	389	33	49
819	389	32	50
819	389	32	49
820	389	33	49
819	388	32	49
819	388	32	49
819	387	32	49
819	387	32	49
820	388	32	49
821	388	33	49
821	388	32	50
822	387	33	50
824	387	32	49
826	388	32	49
830	388	33	49
835	388	33	50
840	389	32	49
843	389	32	49
847	389	32	49
852	389	32	49
857	389	32	49
863	390	32	49
868	391	32	49
872	390	33	49
876	390	33	49
881	390	32	49
886	391	32	49
889	392	32	49
892	392	33	49
898	394	31	49
906	395	31	49
914	396	31	49
923	398	31	49
932	399	31	49
939	402	30	50
947	403	31	49
954	406	31	49
959	408	31	49
962	410	32	49
965	412	32	50
968	413	32	49
971	414	32	50
976	415	33	49
982	417	32	49
988	419	32	49
994	421	33	49
997	421	32	50
1000	422	32	50
1003	422	33	50
1008	422	32	50
1016	422	31	49
1025	422	32	49
1033	421	31	49
1037	422	32	50
1040	422	32	49
1043	423	32	49
1043	422	32	49
1044	423	32	49
1046	422	32	49
1048	424	32	49
1052	424	32	49
1056	425	32	49
1060	426	32	49
1062	426	32	50
1064	425	32	49
1066	424	33	50
1069	424	33	50
1075	425	33	50
1079	425	33	50
1080	426	33	50
1081	426	33	49
1082	426	33	50
1083	427	33	50
1082	429	33	50
1082	429	33	49
1082	429	33	49
1083	430	33	50
1082	430	34	50
1082	432	34	50
1082	433	33	50
1082	434	34	50
1082	435	34	50
1082	436	34	50
1082	437	34	50
1082	437	33	50
1082	438	33	50
1081	439	33	50
1081	441	33	49
1080	443	34	50
1080	444	33	50
1079	445	33	49
1079	446	34	50
1079	448	33	50
1077	449	33	50
1077	451	34	50
1076	452	34	50
1075	455	33	50
1074	456	33	50
1069	460	34	50
1066	466	33	50
1059	472	34	50
1055	477	34	50
1050	481	34	50
1049	484	33	50
1044	489	34	50
1040	494	34	50
1034	498	35	50
1028	504	35	51
1022	509	35	51
1018	514	35	50
1014	516	35	51
1012	520	34	51
1010	524	35	51
1007	527	35	51
1004	531	35	50
1000	534	36	51
998	536	35	51
995	540	35	51
992	543	35	51
989	548	36	50
988	551	36	51
986	551	36	51
986	550	36	51
986	551	36	51
985	554	36	51
983	555	36	51
981	559	36	51
977	564	36	52
975	569	37	51
974	570	37	52
974	571	38	52
974	571	38	52
976	572	39	53
977	572	39	53
977	574	39	53
978	573	39	54
979	575	39	53
978	578	38	53
977	578	39	54
977	581	39	53
977	581	39	53
977	582	40	53
978	581	39	52
978	582	40	53
978	582	40	53
979	582	40	54
978	586	40	53
977	586	41	53
977	588	40	53
975	589	40	52
975	588	40	53
973	590	41	53
973	589	41	53
974	590	41	53
973	592	41	53
973	594	41	53
972	594	42	53
971	595	41	53
970	595	42	53
969	597	42	53
968	599	41	54
966	601	42	54
965	603	42	53
964	604	42	54
964	604	42	53
962	605	42	54
961	605	42	53
958	606	43	54
958	607	42	52
956	607	42	53
954	607	43	52
952	607	42	53
951	607	42	52
948	606	42	52
949	606	41	52
946	606	42	52
943	606	42	53
941	607	42	53
939	608	42	52
937	608	43	53
935	608	42	52
934	608	43	52
932	607	43	52
932	606	42	52
930	606	43	53
930	607	42	52
927	607	43	52
926	607	43	52
924	606	43	51
922	606	43	53
921	605	42	52
919	604	43	52
918	605	42	52
916	605	42	52
916	604	42	53
914	603	42	52
911	602	42	52
910	601	42	51
907	601	43	53
905	600	43	53
903	600	42	53
901	600	42	52
898	598	42	52
896	597	42	52
895	596	42	51
892	595	42	52
891	597	40	52
888	595	41	52
887	594	41	52
886	592	41	52
883	590	41	51
883	588	40	51
881	587	40	51
879	586	40	51
877	585	40	51
874	585	40	51
871	584	40	51
869	582	39	51
867	581	39	51
866	579	39	51
864	578	39	51
861	577	39	51
860	575	38	51
857	574	38	51
856	574	38	51
855	573	38	50
855	571	37	50
851	569	37	51
851	567	38	51
850	566	36	51
848	566	37	51
847	566	36	51
846	565	36	51
844	563	36	50
844	561	36	50
843	561	35	50
842	560	36	49
843	560	36	50
844	560	36	49
845	559	36	49
850	557	36	49
859	554	35	50
867	551	34	50
874	549	35	50
882	548	34	50
886	547	36	50
890	545	35	49
894	545	34	50
898	545	35	49
908	544	34	48
919	542	34	48
928	542	33	49
935	541	33	48
940	540	33	49
948	538	32	49
956	537	33	48
960	535	33	49
963	534	33	48
967	534	33	49
968	534	33	49
969	535	32	49
969	536	32	49
969	537	32	48
968	538	32	48
969	538	32	48
972	538	32	48
976	539	32	48
978	539	33	48
978	539	33	48
978	539	33	49
977	540	31	48
975	540	33	48
974	540	32	48
972	540	32	48
971	541	33	48
970	541	33	48
969	542	33	48
968	541	33	48
967	541	34	48
971	540	34	48
978	538	34	48
983	537	34	48
984	535	35	48
986	534	35	48
988	533	36	49
991	532	36	49
996	531	36	49
996	531	38	50
1000	529	37	49
1003	528	37	50
1008	526	36	49
1014	525	37	49
1020	523	36	49
1026	522	35	49
1029	519	36	49
1032	516	36	50
1031	515	37	49
1029	514	38	49
1027	513	38	49
1027	513	37	49
1025	513	36	50
1024	511	38	49
1023	509	37	49
1021	507	37	49
1020	507	37	49
1019	506	37	49
1018	505	38	49
1017	503	36	49
1014	502	37	49
1013	500	38	49
1010	499	36	49
1009	497	37	49
1008	497	37	49
1007	495	38	49
1005	494	37	49
1004	492	38	50
1003	491	38	49
1003	491	38	49
1002	489	39	49
1002	487	39	49
1002	485	39	49
1000	483	39	50
1000	479	39	50
997	476	39	50
995	475	39	50
992	474	39	49
990	473	39	49
989	471	40	50
988	470	40	50
988	469	40	50
986	469	40	50
983	468	40	50
981	468	39	50
978	468	38	50
975	467	39	50
974	466	39	50
973	466	39	50
972	464	39	50
971	462	40	51
972	461	40	51
969	460	40	51
967	459	39	51
963	459	40	52
961	459	38	51
958	458	39	51
955	457	39	51
954	456	39	51
952	454	38	50
950	453	39	50
946	452	39	51
944	451	39	50
941	449	38	51
938	447	40	50
936	446	40	51
934	444	39	51
932	443	39	51
930	441	38	51
928	439	39	50
925	437	38	51
922	435	38	51
918	433	39	51
915	433	39	51
912	432	40	51
910	432	40	51
909	432	39	51
906	431	39	50
905	431	39	50
905	431	39	51
903	430	39	51
901	430	38	51
900	430	38	51
898	430	37	51
897	430	38	52
896	430	39	51
893	429	38	52
891	429	39	52
891	428	39	52
891	428	38	53
891	428	40	52
891	428	40	52
897	429	40	53
906	429	39	51
910	427	39	52
913	427	40	52
917	425	40	52
926	424	41	52
936	424	41	52
948	424	41	53
958	423	40	52
964	422	41	52
970	420	41	52
975	417	41	53
979	415	42	52
983	414	42	52
986	413	43	52
989	412	43	53
991	411	44	52
990	409	43	52
989	407	42	52
987	404	42	52
985	403	43	52
983	402	43	52
981	401	42	53
978	399	43	53
977	397	42	53
974	395	40	53
972	392	42	52
969	390	42	53
967	389	42	53
965	388	41	53
962	386	42	53
960	385	41	53
958	384	41	52
956	382	41	52
953	381	41	52
949	379	40	53
947	379	40	52
945	377	39	52
943	376	40	53
941	374	40	53
938	372	40	53
936	370	41	54
934	369	41	54
931	367	42	54
929	366	42	54
928	364	43	54
927	363	41	54
925	360	41	54
922	358	41	53
920	358	43	54
915	357	41	53
912	357	41	53
898	355	41	53
883	352	41	53
871	351	42	54
868	350	39	53
864	351	42	54
859	351	40	53
855	352	40	53
851	352	40	53
845	352	40	54
838	354	41	54
833	354	41	53
830	355	40	54
827	355	41	54
824	356	41	53
820	357	41	53
818	357	41	54
813	358	41	54
810	359	41	53
803	358	42	53
800	360	41	54
796	360	41	53
792	361	41	53
788	362	41	53
786	363	40	53
780	364	40	53
778	363	41	53
776	365	41	52
771	365	41	53
769	365	42	53
767	365	43	53
766	365	43	53
765	365	43	53
764	365	42	52
763	366	42	53
765	368	41	54
770	372	41	54
780	378	42	53
785	381	40	53
787	382	42	54
789	382	42	54
791	383	42	54
791	383	43	53
792	382	43	53
790	381	44	53
795	380	41	52
800	378	40	53
804	376	41	52
805	374	42	53
804	373	43	52
801	372	44	53
799	370	44	53
798	368	44	53
796	368	44	53
794	367	44	53
792	366	44	53
792	366	43	53
789	365	43	53
787	365	43	53
785	363	43	53
783	362	43	53
781	362	43	54
780	362	44	53
778	361	43	53
777	358	42	53
774	358	42	53
772	357	42	53
770	355	41	53
769	353	41	53
765	352	43	53
765	351	42	53
761	350	43	53
759	348	43	53
757	347	43	53
755	347	43	53
752	345	44	54
750	344	44	53
749	343	44	53
747	342	45	54
747	341	44	53
746	341	45	53
745	340	44	54
743	338	45	54
740	337	45	54
739	337	44	55
738	336	45	54
736	335	45	54
735	333	45	54
732	333	45	55
726	331	45	55
722	331	47	55
718	329	46	56
715	331	46	56
711	331	46	55
710	331	46	55
708	332	45	55
707	333	45	55
706	334	44	54
707	335	45	53
707	335	44	53
701	337	45	55
699	336	45	53
693	336	46	54
690	337	46	54
687	337	45	54
683	338	43	54
680	339	45	54
677	339	45	54
675	340	45	54
674	342	45	53
673	342	45	53
671	342	44	54
670	342	44	53
667	342	43	54
664	342	45	53
659	341	45	53
655	341	46	54
651	340	47	53
652	341	45	52
648	339	46	53
647	339	45	53
645	338	46	53
646	336	45	54
645	335	46	53
647	334	45	54
655	334	43	54
664	334	42	54
666	333	43	53
666	331	43	53
669	329	43	54
674	326	44	54
679	323	45	54
683	319	44	53
686	317	44	54
684	312	47	54
684	309	46	55
681	307	47	54
684	305	45	55
686	303	46	55
690	301	45	54
693	299	45	54
696	295	44	55
695	294	45	54
693	296	46	53
689	296	46	52
687	296	44	54
685	297	44	54
682	298	44	53
679	298	43	54
678	300	43	53
678	300	44	52
682	299	43	53
685	299	45	54
687	300	45	52
687	300	46	52
687	300	45	53
684	302	46	52
681	303	46	52
677	303	45	52
673	304	45	53
668	304	44	53
662	305	45	53
659	305	46	53
657	306	45	53
656	305	46	53
655	305	46	52
661	307	46	53
668	310	46	52
674	312	47	52
675	311	46	51
671	309	45	53
666	309	46	52
664	306	44	54
661	304	44	54
660	305	45	53
657	304	45	53
655	304	46	53
651	304	46	54
647	304	46	54
643	306	45	55
641	307	44	55
638	311	45	54
637	314	44	53
636	315	44	52
638	318	44	53
637	321	45	54
632	323	45	53
629	325	45	53
627	327	45	53
625	328	46	52
629	333	44	53
635	341	46	53
643	348	45	53
651	354	45	53
655	359	45	53
658	363	45	53
660	365	44	55
662	368	44	54
664	371	44	54
667	375	44	54
669	377	44	53
671	377	44	53
674	378	44	53
677	379	44	53
683	378	44	53
690	378	44	52
697	377	44	52
706	377	45	52
711	375	44	52
714	374	44	52
715	373	44	52
719	372	45	52
730	370	44	52
742	368	44	52
753	366	44	52
759	365	44	52
763	364	44	52
766	364	43	51
767	363	44	50
766	364	44	51
763	364	46	51
765	364	45	50
766	365	44	51
765	365	45	51
761	365	44	51
761	366	45	51
756	367	45	52
754	367	46	51
753	367	45	51
751	368	45	51
749	368	46	51
748	369	45	51
745	369	45	52
743	369	46	51
739	370	46	51
737	370	45	52
734	370	46	51
731	370	45	52
728	369	47	52
724	369	47	52
720	370	47	52
715	367	48	51
710	366	48	52
707	364	49	53
704	362	48	53
700	361	47	51
695	359	48	53
689	356	49	53
681	355	48	52
672	354	47	53
662	352	47	52
656	350	48	53
654	348	49	50
653	345	49	53
649	344	48	52
644	344	48	52
638	343	48	53
633	343	48	53
631	342	47	53
628	342	48	53
626	343	47	53
622	342	47	53
617	343	48	53
612	343	49	53
607	344	50	53
602	345	48	53
599	344	49	53
596	346	49	52
598	346	48	53
597	347	48	53
595	349	48	53
593	351	49	53
593	352	49	52
593	354	49	48
593	354	48	54
593	355	48	52
595	357	47	52
593	357	48	51
593	357	48	52
593	355	47	53
593	355	47	53
597	354	47	53
602	355	47	53
608	355	47	52
613	353	48	53
619	351	48	53
626	349	48	53
633	346	48	53
637	345	46	53
639	341	46	53
641	338	47	54
644	332	47	53
647	326	46	53
650	321	47	53
654	316	47	53
658	309	46	53
662	303	46	53
664	294	46	53
665	286	47	55
666	281	47	55
667	277	49	55
672	272	48	54
678	266	48	54
685	258	47	55
692	253	47	53
697	249	47	53
701	245	48	53
706	243	48	54
711	242	49	54
715	243	48	53
718	242	47	54
721	244	47	52
726	245	48	52
734	246	48	52
745	247	48	51
755	248	48	52
766	249	47	51
775	252	47	53
782	253	47	52
788	253	47	53
792	255	47	53
795	255	46	49
794	253	47	49
794	254	46	54
794	255	47	51
793	255	47	51
793	256	47	45
792	255	47	52
792	255	47	49
792	255	47	53
792	255	47	52
792	255	47	50
792	254	46	53
791	252	47	52
791	252	47	49
791	251	47	52
793	250	46	52
795	250	46	52
795	251	47	51
794	251	47	54
793	252	48	52
790	253	49	53
791	255	48	53
787	256	49	53
786	257	49	53
785	259	48	54
782	261	49	53
780	262	48	54
778	264	48	54
774	267	47	54
770	270	49	54
766	271	48	52
763	275	49	53
758	276	49	54
754	279	48	54
750	282	49	53
745	285	49	53
740	289	48	53
735	290	48	52
729	293	49	54
725	297	50	53
720	299	49	53
716	302	50	52
712	303	49	48
708	305	50	53
705	307	49	52
703	307	49	49
701	307	50	50
700	308	50	50
699	308	50	51
697	307	50	49
698	307	49	51
697	306	50	48
697	305	49	52
697	305	49	51
697	304	49	52
696	304	49	52
697	303	49	52
697	301	49	52
698	301	49	51
699	301	49	51
696	300	50	51
695	297	49	52
696	297	48	52
692	295	50	50
693	294	49	53
693	292	49	53
693	290	49	52
694	288	48	54
695	285	49	54
697	283	48	53
697	280	48	54
696	278	48	53
693	277	50	51
691	276	50	48
690	275	50	54
688	274	50	45
689	274	48	54
689	274	49	52
688	274	49	50
686	275	49	54
686	276	49	50
685	277	48	54
682	277	50	45
683	278	48	53
680	278	50	39
680	279	48	52
678	279	49	47
676	279	49	53
674	279	50	44
673	279	49	54
672	279	49	46
669	281	49	53
668	281	50	47
666	282	49	53
664	283	50	49
663	283	49	54
660	284	50	50
660	284	49	54
657	285	50	49
657	285	49	54
654	286	49	51
652	286	50	51
649	286	50	51
648	286	50	52
647	286	50	52
646	287	50	51
644	284	51	52
645	281	50	54
643	282	51	51
640	279	51	53
636	277	50	50
632	275	51	53
626	273	52	52
624	272	51	52
624	273	51	52
624	275	50	54
625	277	50	52
626	279	49	54
628	283	49	52
630	286	49	53
632	288	49	52
634	290	49	52
634	292	49	51
632	293	50	51
632	296	49	53
632	298	50	51
634	301	49	52
636	304	48	52
639	307	48	52
646	313	48	52
653	318	49	51
661	321	49	52
669	324	48	52
675	326	47	51
681	328	48	51
686	330	47	51
689	330	48	51
692	329	48	50
696	327	48	50
701	326	48	50
709	324	48	50
718	321	49	49
727	318	49	50
734	316	47	50
740	314	48	51
743	313	48	50
745	311	48	52
745	310	47	52
745	308	48	52
743	308	48	52
744	305	48	52
748	300	48	51
752	296	48	51
756	292	48	51
762	288	47	51
768	285	48	51
774	282	48	51
778	279	48	51
779	277	48	52
780	277	48	51
781	279	48	51
782	279	48	50
782	278	48	51
783	279	48	51
784	277	49	52
787	278	48	50
793	279	46	51
797	278	47	51
802	278	47	51
803	277	47	50
804	278	47	51
805	279	46	51
804	280	47	51
803	283	47	51
803	284	47	51
801	287	48	51
800	289	47	51
799	291	47	50
799	293	47	51
800	296	46	50
799	299	47	50
800	302	46	50
802	305	46	50
804	308	46	51
807	312	46	50
811	316	45	50
813	320	46	51
811	323	47	50
812	324	46	50
810	326	46	50
810	327	46	49
809	328	46	49
809	330	46	49
808	331	46	49
809	332	46	49
806	334	47	49
809	336	46	50
808	338	46	49
808	339	46	49
808	339	47	49
808	340	46	50
809	342	46	50
812	344	46	51
811	347	47	49
812	348	47	49
812	349	47	50
810	350	48	49
810	352	47	50
808	355	47	50
808	358	47	50
806	359	48	48
807	359	47	49
