894	468	54	54
895	466	54	55
898	467	54	55
899	467	54	55
901	466	54	55
902	466	54	55
904	466	54	55
904	466	54	55
905	467	54	55
904	467	55	55
904	468	54	55
904	467	54	55
903	468	54	55
903	469	54	55
902	469	55	54
901	470	55	54
900	470	55	55
898	470	55	55
897	470	55	55
895	471	54	55
893	472	55	55
893	472	55	55
890	474	54	55
889	474	55	55
888	475	54	55
886	475	55	55
884	475	54	55
883	476	55	54
881	475	55	55
879	476	55	55
879	476	54	54
877	475	54	55
875	475	55	55
874	476	54	54
872	475	55	55
870	475	55	55
869	475	54	54
867	474	54	55
866	473	55	55
863	474	54	55
861	472	55	55
859	473	55	55
857	472	55	55
856	472	54	54
853	471	55	55
851	472	55	55
849	471	55	55
846	472	55	55
844	471	55	55
842	472	55	55
840	472	55	54
839	471	55	55
837	470	54	55
837	469	54	54
836	468	54	55
836	467	54	55
837	466	54	55
836	464	54	55
836	463	54	55
836	462	54	55
836	461	54	54
836	459	54	55
836	458	54	55
836	457	54	55
836	457	54	55
836	455	54	55
835	455	54	54
835	454	54	55
836	453	54	54
835	453	54	54
834	453	54	55
834	453	54	55
832	453	55	54
831	453	54	55
831	453	54	55
830	453	55	55
829	453	54	54
829	455	54	54
829	455	54	54
828	456	54	54
828	457	54	54
830	457	54	54
830	458	54	54
832	460	53	54
833	462	53	55
832	463	54	54
834	465	53	54
835	466	54	54
836	467	54	54
837	468	53	54
838	470	54	54
839	470	54	54
840	470	54	54
842	469	53	54
842	468	54	55
844	468	54	55
845	467	54	55
846	467	54	55
847	465	53	54
848	465	53	54
848	464	54	55
849	463	54	55
849	462	54	55
847	461	54	54
846	459	54	55
845	458	54	54
845	457	53	55
842	456	54	55
841	456	54	54
841	455	54	54
840	454	53	55
839	452	54	54
837	450	54	55
837	449	53	55
836	448	54	54
835	447	54	55
834	446	54	54
833	445	54	54
832	444	54	55
832	442	53	55
832	441	53	54
831	440	54	54
830	439	54	54
830	437	54	54
830	436	54	54
829	435	54	54
829	433	54	55
828	432	54	55
828	431	54	54
827	430	54	54
827	429	54	55
827	428	54	54
826	426	54	55
825	425	54	55
824	425	54	54
823	424	54	54
822	423	54	54
821	422	54	54
820	422	54	54
819	420	54	54
819	420	54	55
817	420	54	54
816	419	54	54
815	419	54	55
815	418	54	55
815	419	54	54
814	418	54	55
814	419	54	54
814	419	54	54
813	419	54	54
812	419	54	54
812	420	53	54
811	420	54	54
809	420	53	54
808	420	54	54
806	421	54	54
804	421	53	54
802	423	53	54
800	424	53	55
797	425	53	54
794	426	54	54
791	427	54	54
788	428	54	54
785	428	54	54
782	429	54	55
778	428	54	55
773	428	54	55
767	430	54	55
763	428	54	55
760	429	54	55
757	429	54	55
753	429	55	55
750	429	54	55
748	429	55	55
745	429	55	55
744	429	55	55
743	429	55	55
743	428	55	55
741	429	55	55
742	429	55	55
742	428	54	55
743	429	55	55
744	428	54	55
744	429	54	55
746	429	55	55
747	429	54	55
749	430	55	55
750	430	54	55
751	430	54	55
753	431	55	55
754	432	54	55
756	433	54	54
757	434	54	55
759	436	54	55
760	438	54	55
761	440	54	55
763	441	54	55
764	444	53	56
765	447	54	56
765	450	54	56
765	452	54	56
765	454	55	55
763	458	54	56
764	460	55	56
761	463	54	56
759	466	55	56
758	469	54	56
755	471	54	56
752	473	54	56
749	475	55	55
747	477	55	55
743	479	54	55
740	479	55	55
736	480	55	55
734	479	55	55
730	480	55	55
728	479	55	56
724	478	55	55
721	478	55	56
718	478	56	56
716	476	55	56
713	476	55	56
710	475	55	55
707	474	55	56
705	473	56	55
703	473	55	56
700	472	56	55
698	472	56	56
696	471	56	56
694	470	56	56
692	469	56	56
691	467	56	56
692	466	56	56
691	465	56	56
692	463	56	56
693	462	55	56
695	461	55	55
696	459	55	56
697	458	55	55
698	458	55	56
699	458	55	56
700	458	56	56
701	458	56	56
702	458	56	56
703	458	56	56
703	459	56	56
703	458	55	56
704	459	56	56
704	460	55	56
704	461	55	56
705	463	55	56
706	463	55	56
708	463	55	56
710	462	55	56
711	461	54	56
714	458	54	56
716	457	55	56
721	452	55	57
722	449	55	56
724	447	55	56
727	444	55	56
729	442	55	56
731	440	55	56
733	437	55	56
736	435	55	56
737	434	55	57
739	434	55	57
742	432	55	57
744	431	55	57
745	430	55	57
748	429	54	57
750	430	54	57
752	429	54	57
754	428	54	57
757	428	54	56
759	427	54	57
762	427	55	56
765	428	55	56
769	427	54	56
774	427	53	56
777	427	53	56
781	429	53	56
783	428	54	56
787	428	53	56
790	428	54	56
795	429	53	56
800	429	53	56
805	427	53	56
811	428	53	55
817	427	53	56
822	426	53	56
828	426	53	55
833	425	53	55
837	425	53	55
842	425	53	55
843	423	54	55
847	424	53	55
849	424	53	55
850	425	54	55
852	425	54	55
852	427	53	55
852	429	53	55
850	431	53	54
849	433	54	55
848	435	53	55
846	437	53	55
845	439	53	55
843	441	53	55
841	442	54	55
840	445	54	55
838	446	53	54
836	447	54	54
835	448	54	54
833	449	53	54
831	450	53	54
830	451	53	54
828	452	54	54
826	452	54	54
825	453	54	54
823	453	54	55
822	453	54	54
820	452	54	54
818	450	54	54
817	450	54	54
815	447	54	55
812	446	53	55
811	445	54	55
809	443	54	55
807	443	53	55
804	440	53	55
802	440	54	54
799	437	54	55
798	437	54	54
794	435	54	55
788	434	53	55
778	433	53	55
769	430	53	55
760	430	53	55
753	429	54	55
746	428	54	55
741	427	54	55
738	425	54	55
734	424	54	55
731	423	54	55
727	421	55	55
725	421	55	55
722	418	55	56
720	417	54	55
718	415	55	55
716	413	55	55
715	413	55	54
714	410	55	55
713	409	54	55
711	407	54	55
710	407	54	54
709	405	55	54
708	405	54	54
706	404	54	54
706	404	54	54
705	404	54	54
706	403	54	54
705	403	54	54
705	402	54	54
706	403	54	54
707	403	54	54
708	403	54	54
711	403	54	54
712	404	54	54
714	404	53	54
717	405	53	53
719	406	54	54
722	407	53	54
730	407	53	55
737	408	53	54
745	410	53	54
752	410	53	55
757	411	52	54
762	411	52	54
767	410	53	54
769	412	52	54
772	412	53	54
775	412	53	54
776	412	53	53
779	411	53	54
781	412	53	54
783	411	53	54
785	411	53	53
786	410	53	54
787	409	53	54
789	408	53	54
790	407	53	53
792	406	53	55
793	405	53	54
795	405	52	54
796	405	53	55
799	404	52	54
800	404	53	54
802	404	53	55
803	403	53	54
804	403	53	55
805	404	53	55
807	404	53	55
807	404	53	55
806	404	53	55
805	405	54	54
805	405	53	54
806	405	54	55
805	406	53	54
805	406	53	54
807	404	53	55
806	403	54	55
808	402	52	55
807	401	53	55
808	399	53	55
808	398	53	55
807	397	53	55
806	396	53	55
805	394	53	55
803	393	53	55
802	392	53	55
801	391	53	54
800	390	53	55
798	389	53	55
798	388	53	54
797	387	53	55
795	387	53	55
795	385	53	55
794	385	53	55
794	383	53	55
793	382	53	55
793	380	53	55
793	379	53	55
792	378	53	54
792	377	53	55
791	376	53	55
789	376	53	55
788	374	53	55
785	374	54	55
782	373	53	55
779	374	53	55
777	373	54	55
775	373	53	55
772	372	54	55
769	372	54	55
769	371	52	55
766	370	53	55
764	370	53	55
762	369	54	55
759	369	54	55
758	369	53	55
754	370	54	55
752	370	54	55
748	370	54	55
745	370	55	56
740	370	54	55
732	371	53	55
722	371	53	55
712	371	53	55
702	371	54	55
695	371	55	55
690	370	56	56
685	369	55	56
681	369	56	56
674	370	56	56
668	370	55	56
660	371	55	56
654	370	56	56
648	370	56	57
643	372	56	56
640	373	56	56
637	373	55	55
632	373	56	56
630	373	55	56
631	373	54	55
630	373	55	55
632	374	54	56
636	374	53	55
637	375	54	56
644	376	54	55
650	378	55	56
656	380	56	55
662	381	56	55
669	382	56	55
679	386	55	56
685	387	54	54
690	388	55	55
696	389	54	55
700	390	53	55
705	392	53	55
705	393	54	54
709	394	53	54
710	395	54	55
711	396	54	55
713	396	54	55
714	397	54	55
715	397	54	55
716	397	54	55
717	397	54	55
717	398	54	55
718	397	54	55
719	396	54	55
722	396	54	55
724	395	54	55
725	395	54	55
728	394	53	55
733	394	52	55
740	393	54	55
748	393	53	55
756	392	53	55
762	392	53	55
768	390	53	55
773	388	53	55
776	387	53	55
780	386	53	55
781	385	54	55
784	382	53	56
787	381	53	55
789	380	53	55
790	379	53	55
794	378	52	55
796	377	52	55
798	377	52	55
801	377	52	55
803	377	52	55
806	377	52	55
810	378	51	55
812	378	52	56
815	379	52	54
817	380	52	56
820	381	51	55
824	381	51	55
829	381	51	55
836	382	51	55
841	383	51	55
843	383	52	55
845	383	53	55
847	383	52	55
849	384	52	56
850	384	52	55
852	385	53	56
852	385	53	55
851	387	53	55
851	387	53	55
849	387	53	55
847	388	52	56
844	389	52	56
840	390	52	55
836	390	53	55
832	392	52	56
829	393	53	55
826	393	52	55
821	393	52	56
817	394	53	55
813	394	53	55
809	394	53	56
804	394	53	56
800	394	53	55
797	394	54	55
793	393	53	55
790	392	54	56
787	391	53	55
784	390	53	55
780	389	53	55
778	388	53	55
776	386	53	56
774	384	53	56
773	383	53	55
770	380	53	56
769	380	53	55
767	379	53	54
764	379	53	55
761	378	53	55
757	378	53	55
753	378	53	55
745	378	52	55
737	377	52	55
731	377	53	55
727	377	53	55
724	376	54	55
719	376	53	55
716	375	53	55
713	376	54	54
711	374	54	55
708	372	53	56
707	371	53	55
707	369	53	55
707	367	54	55
706	366	53	55
707	362	54	55
707	363	54	54
707	362	54	54
706	360	54	54
706	360	54	54
705	359	54	55
705	360	54	54
705	359	54	54
704	359	54	54
705	359	54	54
705	359	54	54
707	358	53	54
708	358	52	54
710	358	53	55
711	359	52	54
712	359	52	54
715	360	52	54
717	361	52	54
720	362	51	54
722	362	52	54
724	364	52	54
725	363	53	54
726	365	52	54
727	365	52	54
728	366	52	54
727	366	53	54
727	367	52	54
725	366	53	55
724	367	53	54
723	367	53	54
721	367	53	54
720	367	53	54
718	367	53	55
715	367	53	55
712	368	53	54
710	367	53	55
706	370	53	55
703	369	53	55
699	369	53	55
696	371	53	55
694	371	53	55
691	373	53	55
687	373	54	55
685	375	54	55
684	375	53	55
682	376	54	55
680	375	54	55
678	375	53	55
676	376	53	55
675	375	53	55
673	375	53	55
670	374	53	55
667	373	53	55
664	370	53	56
661	370	53	55
656	368	53	55
653	367	53	55
649	366	53	55
645	366	53	55
641	366	54	55
636	365	53	55
631	366	54	55
627	365	53	55
622	367	53	55
614	368	53	55
606	367	53	55
600	368	54	55
594	369	54	55
589	369	54	55
583	370	54	56
577	369	54	56
572	371	54	55
568	371	54	56
563	372	54	55
559	371	55	56
555	372	54	55
551	371	54	56
548	373	54	55
544	371	55	56
543	372	55	56
541	370	55	56
538	369	54	56
536	367	55	56
535	365	54	56
532	363	54	56
529	361	55	57
526	363	54	55
523	363	55	56
519	363	55	56
515	364	55	57
511	366	54	56
507	367	55	57
504	369	55	56
500	371	55	57
497	373	55	56
493	376	55	57
489	377	56	56
485	380	55	56
480	381	56	56
472	384	55	57
465	386	55	57
456	387	56	57
450	389	56	57
444	392	56	57
440	395	56	56
436	396	56	56
433	397	57	56
430	398	56	57
427	399	57	56
424	397	57	57
422	398	57	56
420	396	57	57
418	395	57	56
418	395	57	56
416	393	57	57
415	394	57	56
415	394	57	56
414	394	57	56
412	394	57	57
412	395	57	56
413	397	56	57
413	397	56	56
416	398	56	56
418	397	56	56
424	399	56	56
435	398	56	56
446	399	55	55
454	398	56	56
461	400	55	56
464	398	55	57
467	400	55	56
469	401	55	56
472	403	56	57
474	404	55	56
476	406	55	57
480	408	55	56
482	410	55	57
485	411	54	56
487	413	54	56
493	415	54	56
501	416	54	56
509	416	55	56
514	416	53	56
517	416	54	56
520	415	54	55
523	414	53	56
526	413	54	56
528	412	53	56
533	411	53	56
536	411	53	57
541	411	53	56
547	410	53	57
551	410	53	57
554	411	53	57
557	411	53	56
560	410	53	56
562	410	53	56
564	410	53	56
567	410	53	56
568	411	53	56
570	410	52	56
571	410	53	56
573	411	53	56
574	410	53	56
576	410	53	56
576	410	53	56
576	410	54	55
576	410	53	55
576	410	53	56
575	409	53	55
574	410	54	55
572	409	53	56
570	410	54	56
567	410	54	55
563	409	54	56
561	409	53	55
559	409	53	56
556	410	54	55
550	407	55	57
547	406	55	57
546	409	54	56
542	409	54	56
539	409	55	56
534	410	55	56
528	410	54	57
522	412	55	56
515	410	56	58
509	413	56	58
502	413	54	56
491	413	54	56
479	414	54	55
468	413	54	56
460	414	55	57
456	416	55	56
452	416	55	56
448	415	55	57
443	415	55	56
439	415	56	56
436	416	56	56
433	415	56	56
430	415	56	56
428	415	55	56
425	415	55	56
424	414	56	56
425	415	55	56
425	414	55	56
426	414	55	56
428	413	55	55
429	413	54	56
430	413	54	56
433	412	54	55
435	412	55	56
436	410	55	56
438	410	54	56
440	409	54	55
442	407	54	56
444	408	54	55
445	406	54	56
447	407	54	56
448	406	54	56
449	406	54	56
449	407	54	56
449	407	54	56
448	408	54	55
449	407	54	56
448	407	54	56
449	408	54	56
449	407	54	56
450	408	54	55
452	408	54	55
452	408	54	55
453	409	54	56
455	409	54	55
457	410	54	56
460	411	54	55
462	412	54	56
465	414	53	56
466	416	53	55
467	416	54	56
469	418	54	56
469	419	53	55
472	421	53	56
473	421	53	55
475	423	53	56
477	423	53	55
477	424	53	56
479	425	52	55
479	425	53	55
481	425	52	55
481	425	53	55
482	424	53	56
483	424	53	56
482	424	53	55
481	423	53	55
480	422	53	55
478	421	54	55
477	421	54	55
475	420	54	56
475	419	54	56
474	418	53	56
473	417	53	55
472	416	53	56
472	415	53	56
472	414	53	56
474	412	52	55
474	412	53	56
477	410	52	55
478	409	52	55
482	407	52	56
485	406	52	56
487	404	52	55
490	402	52	55
493	400	52	55
495	398	53	55
497	396	53	55
498	394	53	55
501	393	52	55
502	391	52	55
504	391	52	55
505	389	52	55
505	389	52	55
505	388	52	55
505	387	52	55
504	386	53	55
503	387	53	55
503	385	53	55
502	385	53	55
500	385	53	55
499	386	53	55
497	385	53	55
495	386	53	55
494	386	54	55
492	387	53	56
491	387	54	55
490	388	53	56
488	387	54	55
486	387	53	55
485	387	53	55
482	387	53	55
480	388	53	56
478	389	53	56
474	390	53	56
472	391	53	56
468	393	54	57
463	394	54	56
459	396	54	56
453	398	54	56
447	399	54	56
442	402	54	57
438	403	54	56
435	404	55	56
431	407	54	57
427	409	55	56
420	413	55	58
417	416	55	56
414	419	55	57
411	420	56	56
408	422	55	57
404	421	56	56
402	421	55	56
398	418	56	57
397	416	56	57
394	413	56	57
393	407	56	57
392	404	56	57
391	400	56	57
390	397	55	57
390	395	55	57
387	393	55	57
387	392	55	57
387	390	56	57
387	390	56	56
387	388	55	57
389	387	55	57
390	385	55	57
392	383	55	57
394	381	55	57
396	381	54	56
398	380	54	56
401	380	54	56
404	379	53	56
411	380	54	56
418	381	53	56
423	380	53	56
427	380	53	57
433	379	53	57
437	378	54	57
442	376	53	57
444	376	54	56
447	373	54	56
449	373	54	55
450	373	55	55
454	372	53	56
456	371	54	56
458	371	53	56
460	371	53	56
461	371	53	56
461	371	53	56
460	371	53	56
458	371	54	56
456	371	54	56
454	370	54	56
452	368	54	57
450	367	54	56
448	366	54	57
447	364	54	57
445	363	54	56
443	362	54	57
442	361	54	57
441	359	54	57
440	359	54	56
439	357	55	56
437	356	55	56
436	355	55	56
434	354	54	57
432	352	55	57
431	351	54	57
429	348	54	57
428	348	54	56
426	345	54	57
424	342	54	58
422	340	54	58
420	339	55	59
417	338	56	59
416	336	55	59
414	333	55	60
410	333	55	58
406	330	55	59
403	330	55	57
398	328	55	58
392	328	54	59
387	327	55	58
383	327	55	58
378	327	55	58
374	326	56	58
371	326	55	58
368	326	56	58
364	327	55	58
361	328	55	58
359	329	55	58
357	330	55	57
354	332	56	58
351	333	56	57
349	335	56	58
347	337	56	58
345	341	56	58
345	343	56	58
343	346	55	58
341	350	55	58
340	353	55	59
338	357	55	58
335	359	56	58
332	362	56	59
328	366	56	59
325	370	56	58
321	374	56	59
319	378	56	59
316	381	56	58
314	385	56	59
312	388	56	58
311	391	56	58
310	393	56	58
307	396	55	59
306	399	55	58
303	400	56	58
301	400	57	58
300	400	57	58
299	400	57	58
298	399	57	57
298	397	58	58
300	397	56	57
303	396	56	58
305	396	56	57
309	394	55	57
311	395	56	57
312	395	56	57
314	394	56	57
316	394	56	57
316	394	56	58
317	395	56	58
317	395	56	58
316	394	56	58
316	395	56	58
315	394	56	58
315	396	55	58
317	396	55	58
319	396	55	58
322	395	55	59
330	394	55	58
337	393	55	58
341	392	54	58
343	391	54	57
346	388	54	57
348	384	54	58
350	383	54	57
352	378	54	58
353	376	54	57
354	374	55	58
355	373	54	58
356	372	54	57
357	372	54	57
358	372	54	57
359	373	54	58
359	373	54	57
360	373	54	58
360	376	54	58
359	377	54	57
357	378	54	58
355	379	54	58
353	379	55	58
351	381	54	58
348	381	55	58
346	380	55	57
345	380	54	57
345	379	54	57
344	379	55	58
345	378	54	57
346	378	54	57
347	379	54	58
350	378	54	58
353	379	54	58
358	379	53	57
366	379	53	58
371	378	53	57
377	379	52	57
379	379	52	57
381	378	53	57
385	378	52	57
389	377	52	57
394	376	52	58
401	375	52	57
408	375	52	57
414	374	52	57
424	373	52	56
426	373	52	56
428	372	52	56
430	372	52	56
430	371	52	56
430	372	52	56
429	371	53	56
426	371	53	56
424	371	53	56
422	371	53	57
417	372	53	58
414	373	53	57
411	375	53	58
407	376	53	57
403	378	53	58
398	378	54	57
395	378	54	58
390	380	53	58
385	380	54	58
381	381	54	57
377	382	54	58
371	382	55	58
365	382	55	58
357	383	54	58
348	382	55	58
338	382	55	58
329	382	56	59
321	384	56	58
312	385	56	59
306	386	57	58
300	388	57	59
293	390	57	58
283	389	56	59
273	390	57	59
261	391	58	58
250	391	58	58
240	390	59	60
231	391	58	59
224	390	59	59
217	391	60	59
211	390	59	60
207	392	60	59
202	391	60	60
198	392	59	60
194	393	60	60
190	394	59	59
187	395	59	60
185	397	59	59
185	398	59	58
186	399	59	59
188	400	59	59
189	399	59	59
192	400	58	58
194	398	59	58
197	397	58	58
200	397	57	58
204	395	57	58
208	393	57	58
210	392	57	58
212	390	58	57
214	388	57	57
215	386	58	58
216	384	57	58
215	384	57	58
215	384	57	58
216	382	57	58
216	382	57	58
217	384	56	58
217	383	57	58
218	384	56	58
219	383	57	58
219	384	56	58
219	383	57	58
220	383	56	59
220	384	56	58
219	384	56	58
220	385	56	58
222	385	57	58
223	385	56	58
223	387	56	58
224	386	56	58
224	388	56	57
225	388	57	57
225	388	56	57
226	388	56	57
227	387	56	57
229	386	56	57
231	387	56	57
232	386	56	57
234	386	56	57
236	386	55	57
238	385	56	57
240	385	56	57
241	385	55	56
243	384	55	57
244	383	55	57
246	382	55	57
246	381	55	57
247	380	55	57
248	379	55	57
250	378	55	57
251	376	55	57
252	376	55	57
253	377	55	58
254	376	55	57
256	376	55	57
257	376	55	57
258	375	55	57
259	375	55	57
260	375	56	57
260	375	55	57
261	374	56	57
260	375	56	57
259	374	56	57
259	374	56	57
257	373	56	58
254	373	56	58
253	374	56	57
250	374	57	58
247	374	57	58
245	375	56	58
240	375	57	58
238	376	56	58
234	376	57	58
231	376	57	58
228	377	57	58
224	376	58	59
220	375	58	59
216	374	58	59
215	374	58	59
212	373	57	59
212	372	58	58
211	372	57	58
210	371	58	58
210	371	57	58
210	372	57	58
208	370	57	58
208	370	57	58
206	370	57	59
204	372	57	59
201	374	57	59
196	376	58	60
192	376	58	59
188	377	59	59
186	377	58	59
183	377	58	59
181	378	58	58
179	376	59	59
180	377	58	58
181	376	58	58
184	375	58	59
188	375	57	59
194	374	57	59
207	373	57	58
220	372	57	58
233	371	56	57
243	369	56	57
251	367	56	57
257	365	55	58
260	363	56	57
262	362	56	57
265	361	56	57
265	360	56	57
266	359	56	57
266	361	56	57
267	360	56	57
267	362	55	57
268	363	56	57
268	363	56	57
270	364	56	57
270	364	56	57
270	363	56	57
272	364	55	57
272	364	55	57
274	365	55	57
274	364	55	57
274	364	55	57
274	365	55	57
273	366	55	58
273	368	54	57
273	370	54	58
272	369	55	57
272	371	54	57
272	372	55	57
272	373	55	57
273	375	55	56
274	375	55	57
276	376	56	57
277	377	54	57
278	379	54	58
279	380	54	57
280	381	54	56
280	383	54	58
281	385	54	57
281	386	54	57
281	387	54	57
282	389	54	57
281	390	54	57
281	392	54	58
280	394	54	58
279	397	54	57
278	399	54	58
276	401	54	57
274	403	54	58
272	405	54	58
270	407	54	58
266	409	55	58
262	409	55	58
258	409	56	59
254	409	55	58
248	410	56	59
243	409	55	59
238	409	55	59
234	409	55	59
231	409	55	57
226	407	56	58
225	405	56	58
224	405	55	57
224	403	55	57
225	402	54	57
227	400	54	57
232	398	53	56
243	397	54	56
258	395	53	56
273	392	52	57
285	389	52	57
298	387	52	56
307	382	52	57
314	380	52	56
318	377	52	56
320	374	51	57
322	372	52	56
323	369	51	56
324	367	51	56
324	365	52	56
324	365	52	57
325	363	51	57
326	364	52	57
327	364	51	57
329	363	51	57
331	364	51	57
332	364	51	57
335	365	50	57
337	365	50	57
340	366	50	57
342	366	50	55
346	367	50	56
349	367	50	56
354	368	50	56
360	368	50	56
368	368	50	57
375	369	50	55
383	369	50	57
389	370	50	54
395	371	50	56
401	372	50	54
407	372	49	55
412	372	49	55
418	374	49	56
423	374	49	54
427	374	48	55
430	374	48	55
434	375	48	55
437	376	48	54
442	376	48	55
447	377	49	55
451	378	48	55
455	379	49	55
460	379	48	55
465	381	48	54
470	382	48	55
473	383	48	55
476	384	48	55
479	386	48	55
481	388	48	55
484	389	48	55
487	390	48	55
491	392	47	55
493	392	48	56
495	395	48	55
498	396	48	55
500	397	48	55
503	398	47	55
505	398	48	55
507	399	48	55
510	401	48	55
514	400	48	54
515	401	48	55
518	401	47	54
521	401	47	55
523	402	48	54
527	404	47	55
529	404	48	54
532	404	47	54
535	405	47	54
538	406	47	55
541	406	47	54
544	408	47	54
546	409	47	54
548	410	47	54
551	412	47	54
553	414	47	54
556	414	47	54
558	416	47	54
562	417	47	54
564	418	47	54
565	419	47	54
567	420	47	54
568	421	47	54
568	423	47	53
569	422	48	53
569	424	48	53
568	424	48	54
568	425	48	54
567	425	48	54
567	425	48	54
566	426	48	54
565	426	48	53
563	426	48	54
562	426	48	54
561	426	48	53
559	426	48	54
556	426	48	53
553	426	48	55
549	427	48	55
545	426	48	54
539	427	48	56
534	427	48	55
526	427	49	55
520	427	49	56
510	428	48	55
504	428	49	55
498	429	49	55
491	429	49	55
483	429	49	55
476	430	49	56
467	430	49	55
459	430	49	56
450	430	50	57
443	431	50	55
435	431	50	57
426	432	50	57
416	432	50	55
404	432	51	56
394	434	50	56
383	434	51	56
374	434	50	57
365	434	51	57
355	435	51	57
345	435	51	56
335	435	51	57
325	437	52	57
317	436	52	57
309	437	51	59
300	437	52	57
291	437	52	58
281	437	53	57
272	439	53	59
263	438	53	58
254	439	53	59
245	439	54	59
237	438	55	58
232	438	55	58
225	439	56	59
220	439	56	59
215	439	56	58
209	441	56	59
203	439	56	59
197	441	57	59
191	440	57	59
186	441	58	58
182	441	57	58
176	442	58	59
172	443	57	58
167	443	58	59
163	443	57	58
160	444	57	58
156	445	58	58
151	444	58	59
147	445	58	58
142	446	59	59
139	445	58	58
135	446	58	58
132	444	58	59
128	444	58	59
125	445	58	58
121	443	59	59
119	444	58	58
115	444	58	59
109	443	59	59
105	443	59	59
102	443	58	58
98	442	59	59
97	441	59	59
94	441	59	59
92	441	59	59
90	440	59	59
89	441	58	59
88	441	59	58
87	441	59	58
85	443	59	58
85	442	59	59
83	443	59	60
82	443	59	59
80	443	59	59
78	443	60	61
76	443	60	61
75	443	61	60
73	443	61	60
73	442	59	59
72	441	59	59
73	442	58	57
73	441	58	58
73	440	57	58
74	439	57	59
73	439	58	58
75	439	58	58
76	438	58	58
77	438	58	57
79	436	58	58
81	435	57	58
82	435	58	58
82	434	57	58
83	434	58	57
84	433	57	58
86	432	58	59
88	434	58	58
90	431	58	58
91	431	57	59
93	431	58	58
93	431	58	58
95	431	58	58
96	431	58	59
98	430	58	59
100	430	58	59
100	432	58	58
101	430	57	58
100	430	58	58
101	430	58	58
101	431	58	58
102	430	58	58
103	431	59	58
103	430	58	58
104	431	58	57
105	430	58	58
105	432	58	57
106	430	57	58
105	430	58	58
105	429	57	58
105	428	57	58
104	428	57	57
104	427	57	57
103	427	58	58
102	426	57	58
102	426	58	58
102	427	58	58
102	426	57	58
103	426	58	58
102	428	58	58
103	429	58	58
103	429	58	58
103	431	58	58
103	431	58	58
102	433	58	58
102	434	58	57
101	436	58	58
102	435	58	58
102	437	58	58
102	438	59	57
102	440	59	57
102	439	58	58
101	440	59	58
101	441	58	58
99	442	59	57
98	441	58	58
96	442	59	58
94	440	59	59
90	439	60	60
87	439	59	59
85	439	59	59
81	438	60	60
79	438	60	59
77	437	60	59
75	438	60	59
73	438	60	59
71	437	60	59
68	437	60	59
66	437	60	59
63	438	60	59
59	436	61	60
57	438	60	59
53	437	61	61
50	440	61	58
48	441	61	59
45	442	61	59
42	441	62	60
39	444	61	60
35	444	62	60
31	445	61	60
27	445	62	60
22	444	62	61
19	446	63	60
17	447	63	59
14	445	63	60
12	445	63	60
10	444	64	59
10	443	64	60
9	442	63	59
9	441	64	59
9	438	64	59
9	435	63	59
11	432	63	60
11	429	64	60
14	427	63	60
18	424	63	59
22	421	62	59
26	418	63	59
31	416	61	60
36	414	61	60
42	414	61	59
53	413	60	59
63	412	60	59
72	412	59	60
82	413	59	59
92	413	58	59
99	414	59	59
106	413	58	60
112	414	58	59
116	415	57	58
121	414	57	59
127	414	57	58
134	415	57	59
143	415	57	59
152	417	56	59
159	418	56	59
164	419	56	58
167	418	56	58
170	418	56	58
174	417	56	58
176	418	56	58
181	417	55	58
183	418	56	57
185	419	56	57
188	420	56	57
190	420	56	57
192	421	56	57
194	421	56	57
195	422	56	57
198	422	55	57
199	422	56	58
201	422	56	57
202	421	56	57
204	421	56	57
205	421	55	57
208	421	56	57
208	421	57	58
211	420	57	59
214	420	56	58
216	420	56	57
219	419	55	57
222	418	55	57
223	418	55	57
226	415	54	57
223	412	57	59
225	410	56	58
230	409	54	57
230	406	55	57
230	404	55	57
229	401	55	58
229	399	55	57
229	397	55	58
229	395	55	57
229	393	55	57
230	391	55	58
229	388	55	58
230	388	56	57
230	384	55	58
230	382	55	57
230	379	56	58
230	379	55	57
230	378	55	58
229	376	56	58
227	374	56	58
225	374	56	57
223	373	56	58
220	373	56	58
218	373	57	58
214	374	56	59
210	374	57	59
202	372	57	59
197	373	57	60
194	373	57	58
191	373	58	59
189	375	57	58
186	376	57	59
184	378	57	58
179	382	57	60
177	385	57	58
173	388	57	59
169	390	58	61
165	392	59	59
161	395	58	60
157	398	58	60
153	401	59	61
148	404	59	61
143	407	60	60
139	411	60	61
135	414	60	60
133	417	60	58
130	417	60	59
128	419	59	59
124	421	61	59
121	421	61	59
118	421	61	60
117	422	61	59
116	421	61	59
115	422	61	59
114	419	61	59
112	417	61	59
111	415	61	59
108	413	62	60
108	411	62	59
107	407	62	60
106	405	62	60
106	401	62	60
106	399	63	60
107	395	62	60
108	392	62	60
111	389	62	60
113	387	61	60
116	383	61	60
118	379	61	59
121	374	60	60
124	371	61	59
127	366	60	60
130	361	60	60
133	356	60	60
136	352	60	59
139	349	60	59
143	344	60	60
147	340	60	60
150	337	60	60
154	335	60	60
160	332	59	60
168	329	59	60
180	330	58	60
189	329	59	60
198	330	58	60
204	330	58	60
212	332	58	60
219	332	57	60
228	334	57	60
235	333	56	61
241	336	57	59
246	335	56	59
250	337	56	59
256	335	56	60
262	337	56	60
270	337	55	59
278	337	56	60
284	340	55	59
291	339	55	59
295	341	55	60
298	340	55	59
301	341	55	60
305	340	55	59
309	340	55	60
312	341	55	59
315	340	55	60
319	341	55	59
321	341	55	60
323	341	55	59
327	342	55	60
328	342	55	59
330	344	55	59
333	345	55	59
335	348	54	59
337	347	55	59
340	351	54	60
342	354	54	58
343	356	55	59
342	358	58	63
343	361	59	61
341	363	57	61
341	367	58	61
341	371	55	58
342	373	56	59
342	376	55	57
342	379	54	59
342	383	54	59
342	386	55	58
337	384	57	60
339	387	56	60
340	392	55	59
339	394	55	57
337	394	56	58
336	395	56	58
336	394	56	57
336	395	56	58
335	396	56	57
336	397	56	58
336	398	56	57
336	399	55	58
335	397	55	58
336	398	55	57
336	395	55	58
337	395	56	57
337	394	56	58
336	393	56	58
338	391	56	57
339	390	56	58
340	390	56	58
341	388	56	58
342	388	56	57
344	387	56	57
346	385	56	58
347	384	56	57
349	384	56	57
350	383	55	58
351	381	56	57
351	379	55	58
351	378	56	58
352	378	56	58
352	377	56	58
351	375	56	58
350	374	57	58
348	373	57	58
347	372	57	58
346	373	57	58
345	371	57	58
344	371	57	58
342	373	56	59
340	374	56	58
337	374	57	59
336	376	56	59
334	377	56	58
331	379	56	59
328	378	57	59
325	380	56	59
322	380	56	59
320	382	57	59
318	382	57	59
316	384	57	59
313	384	57	59
311	386	57	60
307	387	57	59
304	389	57	59
299	389	58	60
295	391	58	61
289	391	59	60
280	393	59	61
272	394	59	60
264	396	60	61
256	398	60	61
249	400	61	60
242	401	61	61
236	402	61	60
232	403	61	60
228	404	61	60
223	404	62	61
219	404	62	61
214	404	62	61
208	404	62	60
204	405	62	61
200	404	63	61
196	405	62	60
192	406	62	61
188	406	63	61
185	406	63	62
181	406	63	61
177	407	63	60
174	407	63	61
171	407	63	61
168	407	63	60
164	406	64	61
161	407	64	60
159	407	63	60
157	405	64	61
155	405	64	61
152	404	64	62
150	404	64	62
149	404	64	61
148	403	64	62
147	402	64	62
145	401	64	62
144	402	63	61
142	401	63	62
140	400	64	62
139	400	63	61
138	401	64	63
136	401	64	63
136	400	64	61
135	400	64	62
134	400	64	62
132	399	64	62
131	399	64	62
130	399	65	62
128	399	66	64
129	398	66	65
130	398	65	63
131	399	65	63
133	401	64	62
132	401	65	62
134	402	64	61
134	404	63	62
134	405	65	62
134	406	64	61
133	406	64	62
131	406	65	62
129	406	65	62
127	406	66	62
126	405	65	62
124	404	66	63
124	403	67	62
124	402	66	62
123	402	67	61
125	400	66	61
125	397	67	62
127	394	67	62
128	393	66	61
131	391	65	61
132	388	65	61
135	385	65	62
137	384	66	61
142	381	63	62
146	379	63	61
151	378	62	62
158	377	64	61
168	375	63	62
177	374	62	61
183	374	63	61
191	372	62	62
198	372	62	60
205	370	61	61
211	369	60	61
215	368	61	61
220	367	60	61
224	366	60	60
231	367	60	60
237	366	59	60
245	366	60	61
254	367	60	60
262	367	60	60
271	365	60	60
278	364	58	60
284	364	59	60
290	362	59	60
297	362	59	60
302	361	59	60
305	360	59	59
306	359	60	58
311	358	59	59
314	358	58	59
316	360	59	60
322	362	58	59
327	364	58	59
331	366	58	59
334	368	58	58
336	369	58	59
338	370	59	58
340	372	58	59
341	373	58	58
342	374	58	59
343	375	58	59
344	375	58	59
344	374	58	58
346	374	59	59
347	375	59	59
349	375	58	59
349	375	58	59
349	373	58	59
350	373	58	58
349	371	59	59
348	370	59	58
346	368	60	59
345	365	59	59
344	362	59	60
342	360	60	59
340	356	60	60
340	354	60	59
340	352	60	59
339	350	60	60
339	348	60	59
340	346	59	59
340	344	59	60
341	342	59	60
341	341	58	60
341	341	59	60
342	341	59	60
341	342	59	60
342	344	58	60
342	346	58	60
340	346	58	60
339	348	58	60
336	349	58	59
334	350	59	61
330	351	59	60
328	351	59	60
323	352	59	61
321	355	58	61
318	357	59	60
316	359	58	61
314	363	58	61
313	367	58	61
314	371	58	61
313	373	59	60
312	375	58	60
311	378	58	61
308	381	59	61
306	382	60	60
303	384	59	60
299	383	61	60
296	386	60	61
294	388	60	60
291	389	60	60
288	389	61	60
286	391	61	61
284	390	61	61
281	392	61	60
278	390	62	61
276	389	61	61
274	389	61	61
271	387	61	61
269	384	62	62
267	383	61	61
265	382	61	61
263	380	61	61
260	379	62	61
257	376	62	62
255	375	62	61
250	371	63	62
249	369	63	62
247	368	63	62
246	364	63	62
244	362	63	62
242	358	63	63
241	355	63	62
240	350	63	63
240	347	63	62
239	341	63	63
240	339	62	62
241	334	62	62
241	331	63	62
242	329	63	61
244	327	62	61
245	326	62	61
247	324	62	61
249	324	62	61
251	323	62	61
252	323	62	61
254	325	62	61
256	325	61	61
260	326	61	61
265	327	61	61
267	327	61	60
271	327	60	61
274	326	61	60
277	325	60	60
281	324	60	61
285	323	59	60
290	323	59	60
295	321	59	60
300	319	59	61
307	319	59	60
312	317	59	61
318	316	58	61
322	315	58	60
325	315	59	60
330	314	58	60
334	313	59	60
339	313	58	61
344	313	58	61
348	313	58	60
352	312	58	60
356	312	58	60
360	312	58	61
363	311	58	60
367	312	58	60
371	311	58	60
373	312	59	60
376	311	58	60
379	312	58	61
381	312	58	61
383	313	58	60
384	315	58	59
384	316	58	60
384	318	58	60
384	320	58	58
384	321	58	60
383	323	58	60
382	326	58	60
381	328	58	61
381	330	58	60
380	332	59	61
381	335	58	61
381	337	58	60
382	340	58	61
383	341	58	60
384	342	58	60
386	344	58	61
386	345	58	60
387	348	58	61
388	349	58	60
390	352	58	61
392	353	58	60
394	355	58	60
397	356	57	60
406	357	57	60
413	358	58	61
423	358	57	60
429	360	57	60
437	360	58	60
443	359	57	60
448	360	57	60
451	360	57	60
455	360	56	61
458	360	57	60
460	361	57	60
462	363	57	60
465	362	57	60
467	363	57	61
468	363	58	60
470	364	58	60
473	364	57	60
475	365	57	60
478	365	57	60
479	366	57	60
482	367	57	59
484	367	57	60
486	368	57	60
489	367	57	60
489	368	59	63
491	367	60	62
493	366	58	60
494	366	58	61
496	365	57	59
496	364	57	59
496	363	57	59
495	361	58	59
494	359	58	60
493	358	58	60
492	359	58	59
490	358	58	59
489	358	58	60
487	357	58	60
484	357	58	60
481	357	58	60
478	358	58	60
473	358	59	60
469	358	58	60
460	359	58	61
453	359	59	61
446	361	59	62
438	362	59	61
431	364	60	62
424	365	60	61
419	367	60	61
414	367	60	61
411	368	60	61
410	369	60	61
406	371	60	62
403	373	60	61
400	375	60	61
396	376	61	61
393	378	60	62
389	380	61	60
386	382	61	63
382	383	61	61
379	385	61	61
377	386	61	62
374	388	61	62
372	391	61	62
370	391	61	62
369	392	61	61
369	393	61	61
366	393	61	61
364	393	60	61
361	392	61	61
357	391	62	62
354	391	62	61
351	389	62	62
346	387	62	62
339	386	63	62
328	382	63	63
322	380	63	63
318	378	63	63
315	376	64	63
310	372	64	63
308	369	63	62
306	364	64	63
304	359	64	63
301	354	64	64
299	349	64	64
299	345	63	63
298	342	64	63
295	339	64	63
295	337	64	62
296	334	64	62
296	332	63	63
296	330	63	62
296	329	63	62
296	329	63	63
297	329	63	62
297	330	62	62
298	332	62	61
298	331	62	62
297	333	63	62
297	334	63	62
295	336	63	63
292	337	63	62
290	337	63	63
288	339	63	63
286	341	63	62
285	343	63	64
284	346	63	62
285	348	63	62
286	348	62	62
288	348	62	62
291	347	62	62
292	345	62	62
293	343	62	61
294	339	63	63
295	337	62	62
297	334	63	62
297	333	62	62
297	330	62	62
296	329	63	62
296	328	63	62
294	326	63	63
294	325	63	63
293	324	63	62
292	324	63	62
292	323	63	62
293	323	63	62
294	323	63	62
297	323	63	62
300	322	62	61
304	321	61	61
309	319	61	62
316	318	61	62
323	317	61	62
327	316	60	61
331	314	60	61
335	312	60	61
338	311	60	60
340	310	61	60
342	310	60	60
344	309	61	61
345	309	61	60
347	311	61	60
349	311	60	60
350	312	60	60
351	314	61	61
351	316	60	61
352	317	60	61
352	321	60	61
352	324	60	61
352	327	60	61
351	329	60	61
350	332	60	61
349	335	61	60
345	337	60	61
342	339	61	61
337	342	61	61
333	344	62	62
327	345	63	61
321	348	63	63
314	350	64	62
312	353	63	61
309	354	63	62
306	358	63	63
304	360	63	62
300	362	63	62
299	363	63	62
297	365	63	62
297	367	63	62
295	368	63	62
294	369	62	61
293	371	63	61
292	371	63	61
290	371	63	61
289	371	63	62
287	371	63	62
287	370	63	61
285	370	63	62
282	368	64	62
279	368	64	62
274	364	64	61
270	363	64	62
263	360	65	63
257	358	66	64
252	355	68	65
249	354	67	64
249	356	66	63
246	358	66	63
246	359	66	63
242	359	66	62
241	358	66	63
240	357	66	63
239	355	66	64
240	355	66	63
240	353	66	62
242	350	66	62
244	348	65	62
247	347	65	62
250	345	65	62
253	343	64	61
256	342	64	61
259	341	64	61
262	341	64	61
266	341	63	61
269	340	63	61
274	340	64	61
279	339	63	62
288	340	63	61
295	340	63	62
303	340	63	61
310	339	63	62
317	338	63	62
324	338	62	61
332	336	62	62
338	334	62	62
346	335	62	60
353	333	62	61
360	331	61	61
364	330	61	61
368	329	61	61
371	328	61	61
375	329	60	59
378	329	60	61
381	328	61	60
384	328	61	60
388	327	60	60
393	325	60	61
395	324	60	61
400	321	60	61
404	320	60	60
407	317	60	60
414	315	60	61
423	313	60	61
431	311	60	61
439	310	60	60
445	308	59	61
450	308	59	60
452	307	59	60
455	306	59	60
457	305	59	60
457	305	59	59
458	304	60	60
460	305	59	59
461	307	59	59
462	307	59	59
464	307	59	60
466	306	60	60
467	307	59	59
469	306	59	59
472	306	59	59
473	305	59	59
475	304	59	60
477	305	59	59
479	304	59	60
481	305	59	59
483	305	59	59
486	306	59	59
487	308	59	60
489	310	59	59
489	312	58	59
491	314	59	59
492	315	58	59
493	317	59	60
493	319	59	59
495	319	59	60
494	321	59	59
495	322	59	60
496	322	59	59
497	322	58	59
495	323	59	60
495	323	59	59
495	325	59	60
493	326	60	59
492	328	59	61
488	330	61	62
484	334	61	61
481	336	61	61
475	338	61	61
468	339	59	62
462	342	60	62
460	346	59	59
457	350	59	60
452	352	59	61
449	355	59	61
443	358	59	62
438	361	60	61
434	365	60	61
427	368	60	60
421	372	60	61
416	374	61	60
414	376	60	61
411	377	61	61
408	380	61	61
405	382	61	60
403	383	61	61
399	386	62	60
398	387	61	60
394	388	61	60
392	390	61	60
388	390	61	59
385	391	61	60
382	392	61	59
380	392	62	60
377	392	62	59
374	392	62	60
372	391	62	60
370	391	62	60
369	389	62	60
367	386	62	61
365	385	62	60
365	383	62	60
363	382	62	60
362	378	62	60
361	377	62	60
360	375	62	60
359	374	62	60
358	373	62	60
357	373	62	59
356	371	62	60
356	370	62	60
357	369	62	60
358	367	62	60
358	367	61	59
360	366	61	59
362	365	61	59
365	365	61	59
369	364	60	59
371	363	60	59
373	362	61	59
377	362	60	60
379	362	60	59
382	362	60	59
385	362	60	59
387	362	60	59
390	363	59	59
393	363	59	58
395	363	59	59
398	364	59	59
400	365	59	59
403	366	59	60
405	368	59	59
407	369	59	59
409	370	59	60
410	371	59	59
412	372	60	59
413	374	60	59
415	375	60	59
416	376	60	59
418	377	60	59
419	378	60	58
420	378	60	59
421	378	60	59
422	379	60	59
424	379	60	59
425	379	59	59
427	380	59	59
427	381	59	59
429	381	59	58
430	380	59	58
432	380	59	58
434	378	59	59
436	377	59	59
438	375	59	59
440	374	59	59
443	373	59	58
447	371	58	59
450	370	58	58
453	371	58	58
457	369	58	59
460	369	58	58
463	368	58	58
467	366	58	59
468	366	59	59
471	364	59	59
472	364	59	59
474	363	58	59
473	363	59	59
474	362	59	59
475	361	59	59
475	361	59	59
476	361	59	59
477	361	59	59
478	360	59	59
480	361	59	59
482	359	59	59
484	360	59	59
486	359	58	59
488	358	58	59
489	358	59	59
491	358	58	59
493	359	58	59
495	359	59	59
495	360	59	59
496	359	59	59
496	360	59	59
496	359	59	60
496	359	59	59
495	359	59	60
494	359	59	59
493	359	59	60
493	359	59	59
494	360	59	59
493	361	59	59
494	360	59	59
497	362	58	59
498	362	59	58
500	362	58	59
502	362	58	59
503	362	59	59
506	362	58	58
507	362	59	58
508	362	59	58
509	362	59	59
510	361	59	59
510	362	59	59
511	360	59	59
510	360	59	59
510	359	59	59
509	358	59	59
510	357	59	59
508	357	59	59
508	357	59	59
506	357	59	60
504	357	59	60
503	357	59	59
501	356	59	60
499	356	60	60
498	356	60	59
496	355	60	59
496	356	60	58
495	355	60	59
494	355	60	58
493	355	60	59
492	355	61	59
492	355	60	59
492	355	61	59
491	355	61	59
491	355	61	59
491	355	60	59
491	356	60	60
490	356	59	59
489	357	59	59
489	358	59	59
488	359	59	60
487	358	59	60
486	359	59	60
483	358	61	60
484	358	60	61
480	357	62	61
481	358	63	60
483	360	60	60
483	361	61	60
485	362	60	59
486	363	60	59
485	364	60	59
484	364	60	59
486	363	61	60
486	363	61	60
488	364	59	58
489	364	60	58
489	364	60	58
490	363	60	58
489	364	60	58
490	363	60	58
490	363	60	58
490	364	60	58
490	364	60	59
488	364	60	58
488	363	60	59
487	364	60	59
486	364	60	59
486	364	60	59
483	363	61	59
481	362	61	59
479	361	61	59
476	359	61	60
474	358	61	59
472	355	61	60
469	355	61	59
467	351	61	60
463	351	61	59
460	347	61	60
457	345	61	59
454	341	62	60
452	340	61	59
451	336	62	61
449	332	62	61
447	328	62	61
447	327	62	60
447	324	62	60
447	320	62	61
447	319	62	60
448	319	61	60
451	317	60	60
452	316	61	60
455	317	60	59
458	317	60	59
463	316	60	59
466	318	59	59
470	319	60	59
474	320	59	58
478	320	58	59
485	323	59	60
487	324	59	58
489	325	59	59
492	325	58	58
495	326	59	58
498	327	59	58
505	328	59	59
515	328	59	59
526	329	59	59
535	330	60	59
544	332	59	59
552	332	59	59
559	333	59	58
565	335	58	59
571	337	58	58
577	339	58	58
581	341	58	58
587	343	57	59
591	345	57	58
598	347	58	58
604	348	57	58
610	350	57	59
614	352	57	57
616	353	57	57
619	354	57	58
621	352	57	58
623	353	57	58
625	353	57	57
626	353	58	58
627	352	58	58
627	351	59	58
629	350	58	58
629	350	58	58
631	349	58	58
632	349	58	58
633	347	58	58
633	346	58	58
635	344	58	58
635	344	58	58
636	343	58	58
636	340	59	59
636	339	58	59
636	338	58	59
636	338	58	58
635	337	58	59
635	336	59	59
634	336	58	58
634	335	58	58
634	335	58	58
632	336	58	58
632	335	59	58
630	336	59	58
630	337	59	59
627	336	58	59
626	338	58	58
623	339	58	59
621	339	59	58
617	341	58	59
614	343	58	59
610	346	58	59
605	348	59	60
599	350	59	60
593	352	59	59
586	355	59	60
580	357	60	60
575	359	61	60
573	361	60	60
571	362	60	60
567	364	60	59
565	366	60	59
562	367	60	59
560	367	60	60
557	370	60	60
555	371	60	59
553	372	60	59
549	374	60	60
547	375	60	60
543	376	60	59
541	377	61	60
537	379	61	60
535	380	61	60
531	381	61	60
528	381	61	60
526	382	61	60
522	383	61	60
520	384	61	60
517	386	61	60
514	386	61	61
510	389	61	60
507	390	61	60
503	391	61	60
499	391	61	60
496	392	61	60
492	391	61	60
488	391	61	61
486	390	61	61
482	388	61	61
480	387	61	60
477	385	61	60
477	381	61	61
476	380	61	61
476	378	61	61
476	377	61	60
476	374	62	61
477	373	61	60
478	371	61	61
479	372	61	60
479	371	61	60
480	372	61	59
482	371	60	59
483	371	60	59
486	371	60	59
488	371	59	59
491	370	59	59
497	369	60	59
504	366	60	60
511	366	58	59
514	361	60	60
517	359	59	60
520	356	59	60
522	354	59	59
524	351	59	60
526	349	59	59
528	347	59	59
530	346	59	60
532	346	59	59
533	346	59	59
535	344	59	59
537	344	59	59
538	342	60	59
541	340	59	59
542	338	59	59
545	336	59	60
547	336	59	59
555	335	59	60
569	336	58	58
579	334	59	60
587	333	58	60
590	329	58	60
593	326	59	60
596	322	58	59
601	319	59	60
606	317	58	59
608	315	59	59
612	310	58	60
614	307	59	59
616	306	58	59
618	304	58	60
617	302	59	59
618	299	59	60
617	299	59	59
616	298	59	60
615	297	59	59
613	296	60	60
610	297	60	59
607	296	60	60
606	297	59	60
603	298	59	60
602	299	59	59
599	300	59	60
596	301	59	60
592	303	60	60
590	304	60	59
587	305	60	60
582	306	60	60
579	308	61	60
575	309	60	60
572	310	60	60
569	311	60	60
565	313	60	60
564	314	60	60
560	316	60	61
557	316	60	60
554	318	61	60
553	320	60	60
551	322	60	61
549	324	60	61
547	327	60	61
545	329	60	61
543	331	60	61
542	334	60	61
539	336	60	60
537	339	60	62
535	340	60	60
531	344	60	61
529	345	60	60
526	346	60	60
523	349	60	60
521	350	60	60
518	351	61	60
516	352	61	59
513	354	61	60
511	354	61	60
509	354	61	60
505	354	61	60
503	354	61	60
500	354	61	60
496	353	61	61
493	351	61	60
489	350	61	60
485	349	61	61
481	347	61	61
478	345	61	61
475	344	61	61
471	342	61	61
468	340	62	61
466	337	61	61
464	335	62	61
461	332	62	61
459	328	62	62
458	327	62	61
456	322	62	62
455	321	61	61
454	318	61	61
453	315	62	62
453	313	61	62
452	311	61	61
452	310	61	61
453	307	61	61
453	304	61	62
452	303	61	61
453	301	61	61
453	300	61	61
454	299	61	61
456	296	60	61
458	295	60	61
459	293	60	61
463	292	60	61
465	291	60	61
467	289	60	61
470	287	60	61
472	286	60	60
473	284	60	61
475	283	60	61
477	283	60	60
478	283	60	61
479	281	59	60
479	282	59	59
480	281	59	59
480	280	59	59
483	278	59	59
484	278	59	59
485	276	59	60
488	275	59	59
489	274	58	59
492	271	58	59
494	269	59	59
497	267	58	59
502	266	58	59
505	264	58	60
510	264	58	59
514	263	58	59
522	261	58	60
530	262	59	60
536	262	58	59
543	262	59	59
550	263	58	59
558	263	58	59
564	264	57	59
569	263	57	59
574	265	56	59
577	266	57	59
583	267	57	58
589	268	56	58
597	270	58	58
604	271	57	58
610	270	57	58
616	271	57	58
620	272	56	58
622	273	57	58
627	272	57	58
629	273	56	58
632	275	57	58
633	275	57	58
634	277	57	59
635	278	57	58
634	280	57	59
633	282	57	59
631	284	58	59
628	286	57	59
627	289	58	58
624	291	57	59
623	293	58	58
620	295	58	58
617	297	58	60
613	299	58	59
608	302	59	60
602	303	59	59
595	306	58	60
588	309	58	60
579	311	58	60
572	314	59	60
565	318	59	60
558	321	60	59
554	324	59	60
549	328	60	60
547	330	59	60
545	334	59	60
542	338	59	60
540	342	60	60
538	345	59	59
536	348	60	60
534	351	60	59
532	355	60	59
530	357	59	59
527	361	60	59
525	363	60	59
522	365	60	59
520	369	60	59
517	370	60	59
515	373	60	59
513	374	60	59
512	376	60	58
511	378	60	58
509	379	60	58
507	379	60	59
506	380	60	59
504	380	60	59
502	381	60	59
499	380	60	59
495	380	60	60
491	380	60	60
485	381	61	59
479	382	61	59
470	382	61	59
461	381	61	60
454	381	62	60
449	381	62	60
447	382	61	60
443	381	62	60
440	380	62	61
437	381	62	60
435	380	62	60
433	380	62	60
431	380	62	60
428	379	62	60
427	378	62	60
426	376	62	60
425	375	62	60
424	373	62	60
423	372	62	60
423	370	63	61
424	369	62	60
425	369	62	60
425	367	62	60
426	367	62	59
426	366	62	59
427	366	62	59
428	364	62	59
429	364	61	58
429	361	62	60
431	361	62	59
430	357	63	61
432	356	63	62
434	357	62	60
437	358	61	60
439	357	61	60
441	357	61	59
443	357	61	60
445	357	61	60
448	357	61	61
450	359	62	61
453	359	60	58
454	359	60	58
456	359	60	59
459	359	59	58
460	359	60	59
462	359	60	59
464	358	60	59
465	357	60	59
467	356	60	59
469	355	60	58
471	353	59	59
473	353	59	58
475	352	59	59
479	351	59	58
482	351	59	58
486	351	59	58
493	350	59	59
499	349	59	59
505	348	59	59
511	348	59	59
518	348	59	59
525	349	59	58
530	348	59	59
533	349	58	59
536	348	59	59
539	348	59	59
541	349	58	58
543	348	59	59
545	348	59	58
547	348	59	58
549	347	59	58
552	347	58	57
555	346	58	58
557	345	58	58
561	344	58	58
564	345	58	58
566	344	58	58
568	343	58	59
570	342	58	58
570	342	59	58
572	342	59	58
572	342	59	59
573	342	59	58
573	342	59	58
573	342	59	58
573	342	59	59
572	342	60	59
571	341	60	59
571	341	60	59
569	340	60	59
569	341	60	59
567	341	60	59
566	341	61	59
564	340	61	59
564	341	61	60
562	341	62	60
562	342	60	60
561	343	61	59
561	342	61	60
560	344	61	59
559	344	60	59
558	344	60	59
558	346	61	59
556	344	61	60
555	345	62	60
552	346	61	60
549	347	61	60
541	348	62	61
532	349	62	61
523	351	62	61
516	353	62	61
513	355	62	61
512	358	62	61
510	359	62	60
508	361	62	61
506	363	62	61
506	365	62	61
505	367	62	61
505	367	62	60
505	368	62	60
507	368	62	59
509	367	62	60
511	367	62	60
515	367	62	60
518	368	62	60
521	367	61	61
524	368	62	60
527	368	62	60
530	367	61	60
533	369	61	60
536	368	61	60
538	369	62	59
541	371	61	59
544	371	61	59
548	371	62	60
551	371	61	60
554	372	61	60
557	373	61	59
560	372	61	60
563	372	61	60
567	372	61	60
569	372	61	59
572	371	61	60
575	371	61	59
579	371	61	60
581	371	61	59
584	369	60	60
587	371	61	59
591	369	61	60
593	369	61	59
595	371	61	59
598	370	61	60
600	371	61	59
602	369	61	59
604	369	61	59
605	370	61	59
606	369	61	59
609	367	61	59
610	367	61	59
612	367	61	59
614	366	61	60
616	366	61	60
619	365	61	60
621	366	61	59
623	366	61	61
626	367	62	62
630	366	62	61
633	368	62	60
637	367	60	60
641	368	60	60
643	367	60	58
646	366	60	59
649	366	60	58
652	365	60	58
653	363	60	59
657	362	60	59
663	363	59	59
669	362	60	60
677	361	59	59
680	358	59	59
683	353	60	59
686	352	59	58
688	346	59	59
687	346	60	59
688	343	60	59
689	339	60	59
689	338	60	59
689	335	60	60
690	334	60	59
691	332	60	59
692	331	59	60
692	331	60	59
693	330	59	59
694	329	59	59
694	328	60	59
695	328	59	59
696	329	59	59
696	327	60	59
695	327	60	59
694	327	60	59
693	326	59	59
691	326	60	60
688	326	59	59
686	326	60	59
684	326	59	59
681	325	60	60
679	326	60	59
676	326	60	59
673	326	60	59
670	326	60	59
668	327	59	60
664	327	60	59
658	328	60	60
651	329	60	60
644	329	61	61
637	330	62	61
630	330	63	60
626	331	63	61
622	332	63	61
620	332	62	61
617	333	63	61
614	333	63	61
611	335	63	61
608	335	63	61
606	335	63	61
603	336	63	61
600	336	63	61
597	336	63	61
595	337	63	61
592	337	63	61
590	336	63	62
588	336	63	62
586	336	63	61
583	337	63	61
581	337	63	61
579	337	63	62
577	338	63	61
574	338	63	62
572	338	63	62
568	336	63	63
563	337	64	62
557	335	63	62
553	333	64	62
550	334	63	62
547	332	64	62
543	329	64	62
539	327	64	62
531	324	65	63
524	322	64	63
517	317	65	63
512	315	65	63
508	313	64	63
505	311	65	63
502	309	65	63
499	307	65	63
497	306	65	63
495	306	65	62
493	304	65	62
492	304	64	62
491	304	64	61
490	303	65	62
490	303	65	62
491	304	64	61
492	303	64	61
493	304	64	61
494	305	64	62
497	306	63	61
499	306	63	61
502	308	62	61
504	309	63	62
507	311	62	61
509	313	62	61
513	314	62	61
515	316	62	62
517	318	62	62
520	321	62	62
524	322	61	61
526	324	62	61
529	326	62	61
532	326	62	61
533	327	62	60
533	329	62	60
534	329	62	60
533	329	63	61
533	330	62	60
532	330	63	61
530	330	63	61
528	331	63	61
526	332	63	62
525	333	63	61
523	334	63	61
522	335	63	61
521	335	63	60
522	336	63	61
522	337	62	60
524	337	62	60
524	337	62	59
526	337	62	60
528	337	62	61
530	338	62	61
531	337	62	60
533	338	61	60
535	339	61	60
538	338	61	61
539	339	61	59
541	338	61	60
544	339	61	60
544	340	61	59
547	340	61	60
547	341	62	59
548	341	61	59
550	341	61	60
551	340	61	59
552	340	61	60
553	339	61	59
554	337	61	60
555	336	61	60
557	334	61	60
557	334	61	59
559	329	61	60
561	326	61	61
563	326	61	59
565	322	60	60
567	319	60	60
569	318	60	60
572	316	60	60
573	315	61	59
577	310	60	61
579	309	61	59
580	308	61	59
582	307	61	59
584	303	61	60
585	302	61	59
585	300	61	59
586	298	61	60
587	297	61	59
587	295	61	60
588	293	61	60
590	292	61	60
592	289	61	60
594	290	61	60
596	288	60	60
598	288	60	59
600	287	60	60
603	287	60	60
604	289	60	60
607	289	60	60
609	290	60	60
611	292	60	60
613	294	60	60
616	295	60	59
617	297	60	60
618	298	60	59
619	300	60	59
619	302	60	59
619	304	60	59
619	305	60	59
618	307	60	60
618	309	60	60
617	311	60	59
615	314	61	60
613	316	60	60
612	318	60	59
611	320	60	60
610	323	60	60
608	324	60	59
607	327	60	60
606	329	60	59
606	331	60	59
605	333	60	59
605	335	60	59
606	336	60	58
605	337	61	59
605	338	61	59
605	340	60	60
605	341	61	58
605	341	61	59
606	342	61	59
605	343	61	59
605	343	61	59
604	344	61	59
604	345	61	59
603	346	61	59
602	346	61	59
600	347	61	59
599	349	61	59
598	349	62	58
595	349	62	59
593	350	62	59
591	351	62	59
588	352	61	59
586	353	61	59
582	353	61	59
579	353	61	59
576	354	61	60
573	355	61	59
571	356	62	60
568	356	62	60
565	357	62	60
562	358	62	59
561	358	61	59
559	359	62	59
557	359	61	59
557	358	61	59
556	358	61	59
556	358	61	59
555	356	61	60
555	357	62	59
554	357	61	59
554	356	61	59
553	356	62	59
553	355	61	59
553	355	62	60
552	354	63	60
553	352	62	61
554	350	62	61
555	348	61	61
556	344	61	60
556	342	61	59
558	339	60	59
559	336	61	59
561	336	61	58
561	331	61	60
564	331	61	59
569	331	60	58
571	331	60	57
575	330	59	58
579	329	59	58
584	328	60	58
589	329	59	58
592	329	60	57
595	329	59	59
599	328	59	59
601	329	59	58
604	328	59	58
605	329	59	58
607	331	59	58
609	332	59	57
611	333	59	59
612	335	59	58
614	335	59	58
617	336	58	58
620	337	58	58
625	338	58	58
632	339	59	58
636	339	58	58
640	341	57	58
644	341	58	58
648	340	58	58
653	340	57	58
655	341	58	58
659	340	58	58
661	340	58	58
663	339	59	58
664	338	59	58
666	337	59	58
667	335	59	58
668	334	59	59
669	332	59	58
670	331	59	58
671	331	59	58
673	329	59	59
674	329	59	58
675	329	59	59
677	330	60	59
678	330	60	58
679	331	60	58
681	331	60	59
681	332	60	58
681	333	61	58
683	334	60	58
681	335	61	58
681	335	60	58
680	336	61	59
677	337	61	59
676	339	60	58
674	341	60	59
671	342	60	58
669	343	59	59
667	344	60	59
665	345	60	59
663	347	60	59
662	347	60	58
662	349	60	58
663	350	59	58
662	352	59	58
663	353	59	58
664	355	59	58
665	356	59	58
665	357	59	58
667	358	59	58
668	359	59	58
670	360	59	59
671	361	59	58
673	362	59	58
675	362	59	58
677	362	59	58
678	361	60	59
680	359	60	59
682	357	60	60
684	358	59	59
687	354	60	59
689	352	59	58
691	351	59	58
693	349	59	59
696	346	59	58
699	344	59	58
704	341	57	59
707	339	57	58
712	337	57	58
714	334	58	58
718	332	58	59
721	330	57	58
724	329	57	58
726	328	58	57
728	328	58	58
730	327	58	58
731	327	58	58
732	327	58	58
733	328	58	59
733	328	59	58
733	329	59	59
733	330	59	59
732	331	60	60
732	332	59	60
730	334	60	59
730	336	59	59
728	337	59	60
726	338	59	62
724	341	59	61
723	342	60	62
721	347	59	61
719	348	60	63
717	352	61	63
716	355	61	62
715	357	60	62
714	360	60	62
712	363	62	63
711	366	63	62
713	370	61	61
715	374	60	61
716	377	60	61
717	381	59	61
719	384	59	59
720	387	60	59
723	390	60	59
723	391	60	60
727	395	58	59
728	398	59	60
732	400	60	59
735	402	60	60
736	405	60	58
740	407	59	61
741	409	59	59
744	411	60	60
747	413	59	59
750	414	59	58
752	416	60	58
755	417	59	58
757	418	59	57
758	420	59	58
760	422	59	57
760	422	59	57
762	422	60	58
762	421	59	57
765	420	59	58
765	419	60	57
766	418	59	58
766	416	60	57
767	414	60	57
766	411	60	58
767	409	60	58
768	407	59	58
767	405	59	58
767	402	59	58
767	400	58	58
766	398	58	58
765	396	58	58
764	395	58	58
763	393	58	59
761	393	58	58
760	392	58	58
758	391	58	58
755	392	58	58
752	391	59	58
748	390	59	59
739	390	59	59
728	391	58	59
717	390	58	59
708	390	59	60
700	391	60	59
693	390	60	59
685	390	60	59
679	392	60	59
672	391	61	59
666	393	61	59
663	393	60	59
658	395	60	59
656	395	60	59
652	396	60	59
649	398	60	59
639	401	59	60
635	403	60	59
633	404	60	58
630	404	60	59
626	405	60	59
625	405	60	58
621	405	60	59
620	405	60	59
618	406	60	59
617	407	60	58
615	408	60	58
614	409	60	58
612	408	60	59
610	409	60	58
608	409	60	59
606	410	60	59
603	410	60	59
601	410	60	59
598	410	60	58
594	411	60	58
591	409	60	59
589	409	61	60
587	408	60	61
585	409	61	59
582	409	61	60
581	409	61	59
580	407	61	60
579	408	60	58
579	406	61	59
579	405	61	59
580	405	60	58
580	404	61	58
581	402	60	59
581	400	60	59
583	401	60	58
581	401	61	59
581	401	61	59
582	403	60	59
582	404	61	59
582	406	61	60
583	408	60	59
584	409	61	59
586	410	61	59
588	412	60	58
590	413	60	58
593	414	60	58
594	414	61	58
597	416	60	58
598	415	60	59
599	416	61	59
599	417	60	59
599	418	60	59
598	419	60	59
597	419	61	59
595	419	60	59
594	419	60	59
591	419	60	58
588	419	60	59
588	420	60	59
585	420	60	59
584	420	60	59
583	421	59	58
583	422	59	59
585	422	59	58
585	422	59	58
587	423	59	58
589	423	59	58
591	423	59	57
593	422	59	57
594	422	58	57
597	420	58	58
599	419	58	58
601	417	58	57
604	414	58	58
604	412	58	57
605	410	58	57
606	408	58	57
607	407	58	57
606	404	59	57
606	404	59	57
605	401	58	58
603	401	59	58
602	399	59	58
600	398	59	58
598	397	59	58
597	396	59	58
596	395	59	58
595	395	59	57
592	394	59	58
591	392	59	57
590	392	59	58
588	392	59	58
586	392	59	58
585	392	59	58
583	392	59	58
580	393	59	57
579	392	59	58
576	393	59	59
574	395	59	58
572	394	59	59
570	395	59	59
567	396	60	59
565	396	60	58
564	397	60	58
562	399	60	59
560	400	61	58
558	402	61	59
559	403	61	58
560	404	61	58
560	407	60	58
558	408	61	58
558	408	61	57
557	410	61	57
557	410	60	57
555	411	61	58
555	412	60	57
553	414	60	58
553	415	60	57
550	416	60	57
549	417	60	57
546	418	60	58
545	419	60	57
543	419	60	58
540	419	60	58
537	419	60	58
536	418	60	58
533	417	61	58
533	416	60	58
531	414	60	58
529	413	60	58
529	410	59	58
527	408	60	59
526	408	60	58
524	403	60	59
522	402	59	57
520	400	59	58
517	397	60	59
515	395	59	58
513	394	60	58
510	392	60	58
507	391	60	58
503	389	60	58
500	389	60	58
498	387	60	58
494	388	61	58
492	386	60	58
490	384	60	58
487	384	61	58
484	382	60	58
483	381	60	58
482	377	60	60
480	375	60	59
481	374	60	59
482	367	60	61
482	366	59	58
484	364	60	59
487	362	59	58
489	360	59	59
492	359	59	58
494	359	59	58
498	360	59	58
501	361	59	58
502	362	59	58
505	362	59	57
507	363	59	57
509	364	59	57
511	365	59	57
514	364	59	57
517	364	58	57
518	363	58	57
520	361	58	57
522	361	58	57
524	358	58	57
526	358	58	57
527	357	58	57
529	358	58	57
531	357	58	57
534	357	58	57
544	357	58	57
554	358	58	57
563	356	58	57
570	356	58	57
577	357	58	57
582	356	57	57
586	354	57	57
590	353	57	57
595	352	57	57
600	351	58	57
605	350	57	57
609	349	57	56
612	348	57	57
615	346	57	56
617	345	57	56
620	343	57	56
623	341	57	56
626	340	57	56
628	338	57	56
630	338	57	56
632	337	57	56
634	336	57	57
636	334	57	56
638	334	57	57
639	335	57	57
640	333	57	57
642	335	57	57
643	334	57	56
644	334	57	56
646	334	57	56
647	335	57	56
647	336	58	60
646	338	59	58
647	339	58	57
647	340	58	58
647	340	58	57
646	342	57	57
645	342	57	55
645	344	57	56
644	344	57	56
645	346	56	56
643	346	57	56
643	348	57	57
646	352	57	57
647	354	56	56
648	356	56	55
650	357	56	56
651	359	56	56
653	361	56	55
655	363	56	56
656	365	56	55
658	367	56	56
659	369	56	55
661	371	56	56
662	373	56	55
664	375	56	55
666	378	56	55
669	379	56	55
671	381	56	56
673	383	56	55
676	385	56	55
679	386	56	55
683	388	56	55
686	389	56	56
690	390	55	55
694	391	56	56
696	391	57	56
700	391	56	55
702	392	56	55
706	393	56	55
710	392	55	55
712	393	55	55
716	393	55	55
718	393	55	55
722	393	54	55
725	394	54	54
728	393	54	55
731	392	55	55
734	392	55	55
736	393	55	55
740	392	54	55
742	391	54	55
745	391	54	55
747	391	55	55
751	391	54	55
755	391	54	55
761	390	55	55
768	391	55	55
773	390	54	55
779	391	54	55
785	390	54	55
790	389	54	55
795	390	54	54
801	390	54	55
805	391	54	54
810	390	54	54
816	390	54	55
822	391	55	54
829	391	54	54
835	392	54	54
841	392	54	54
849	391	54	55
857	392	54	55
864	393	54	55
871	393	54	55
879	393	54	55
886	393	54	55
892	393	55	55
898	393	54	55
902	395	54	55
904	395	54	55
907	395	54	55
909	396	54	55
912	396	54	54
915	397	54	54
918	398	54	54
921	399	54	54
924	399	54	54
927	400	54	54
932	401	54	54
935	402	54	54
940	402	54	54
943	403	54	54
947	404	54	54
949	404	54	54
952	406	54	54
954	406	54	54
957	407	54	54
959	407	54	54
963	407	54	55
968	409	54	54
974	409	54	55
975	410	54	54
978	409	54	55
980	409	54	54
982	410	55	55
985	410	54	55
987	411	55	55
988	410	55	55
990	410	55	55
992	410	55	54
995	411	55	55
996	409	55	55
998	409	55	55
1000	409	55	55
1003	408	54	55
1005	408	55	55
1008	408	55	55
1011	407	54	55
1013	407	55	55
1015	406	55	55
1018	404	54	55
1022	403	54	55
1026	402	55	56
1030	399	54	55
1032	398	55	56
1034	396	55	55
1036	395	55	56
1038	394	55	55
1041	392	55	55
1043	391	55	55
1045	390	55	55
1047	389	55	55
1050	390	55	55
1051	388	55	55
1053	388	56	55
1056	388	56	55
1058	387	55	55
1060	388	56	55
1064	387	54	55
1065	387	56	55
1066	387	55	55
1070	387	55	55
1071	386	55	55
1071	386	56	55
1073	385	56	55
1074	385	56	56
1074	386	56	55
1075	386	55	55
1076	385	56	55
1075	386	56	55
1075	385	55	55
1075	385	55	55
1075	385	55	55
1076	384	55	55
1076	385	55	55
1076	384	55	55
1076	381	56	56
1077	382	56	56
1079	381	56	57
1081	378	56	58
1082	378	57	56
1082	377	57	56
1083	376	57	56
1082	376	57	56
1083	373	56	57
1081	373	56	56
1080	372	55	55
1077	371	55	55
1076	369	55	55
1073	370	54	54
1069	365	55	57
1067	366	56	55
1066	366	55	55
1064	366	55	55
1061	364	55	55
1060	363	54	54
1058	361	55	55
1054	358	55	55
1051	357	55	54
1048	355	55	55
1044	353	55	54
1039	351	55	54
1036	348	55	55
1034	344	55	54
1029	342	55	54
1027	337	55	55
1023	333	55	55
1021	329	55	55
1018	327	55	54
1016	321	55	55
1015	320	55	55
1013	316	55	54
1011	313	55	55
1009	312	54	55
1008	310	54	54
1006	307	55	55
1004	307	54	54
1001	306	54	55
998	306	54	54
997	307	54	54
994	305	54	55
992	306	54	54
990	306	54	54
989	307	54	54
988	307	54	54
986	307	54	55
985	308	54	54
983	308	54	54
981	309	54	54
979	309	54	54
976	309	54	54
974	310	54	54
971	311	54	54
968	311	54	54
966	312	54	54
964	312	54	54
961	311	54	55
959	312	55	54
957	313	55	54
957	313	54	54
955	313	54	54
956	314	54	54
957	314	54	54
958	314	54	54
959	315	55	54
960	316	54	54
961	316	55	54
963	317	54	54
965	318	54	54
967	319	54	55
968	321	54	54
969	322	54	54
971	324	54	55
974	326	54	54
976	327	54	55
979	327	54	55
984	328	54	55
990	328	54	55
995	328	54	54
1001	326	55	56
1005	324	54	55
1009	323	55	55
1011	322	54	55
1012	320	54	55
1014	318	55	55
1015	319	55	54
1017	317	54	55
1018	318	55	54
1019	318	55	55
1020	318	55	55
1021	319	55	55
1023	321	55	55
1024	324	55	55
1026	327	55	56
1028	329	55	56
1029	332	55	56
1030	336	55	56
1032	338	55	55
1033	342	55	57
1035	346	54	56
1036	348	55	55
1038	351	55	55
1039	353	55	55
1041	356	55	56
1044	358	55	55
1052	360	56	56
1061	363	56	55
1069	364	56	54
1076	366	56	55
1082	366	55	55
1089	367	55	54
1095	367	55	54
1101	368	55	55
1106	369	56	55
1110	368	56	55
1113	369	56	55
1118	369	56	54
1123	369	56	55
1126	369	57	55
1131	368	57	55
1135	368	56	55
1137	367	56	56
1139	367	56	55
1142	367	56	55
1144	366	57	55
1145	366	57	56
1147	365	57	56
1149	366	57	56
1151	366	57	55
1153	367	57	55
1154	368	57	56
1154	369	57	55
1154	372	56	55
1154	372	56	55
1154	374	55	55
1152	375	56	55
1153	376	55	55
1151	377	56	55
1150	377	55	55
1149	378	56	55
1148	379	56	55
1147	379	56	55
1145	380	56	55
1144	380	56	55
1142	380	55	54
1142	381	55	54
1140	380	55	54
1139	381	56	54
1137	380	56	57
1135	380	56	56
1136	380	55	56
1136	380	56	55
1136	378	55	55
1137	376	55	55
1137	376	54	54
1137	374	55	54
1139	372	55	55
1138	371	55	54
1138	372	55	54
1137	373	55	54
1137	372	55	54
1136	373	56	54
1137	373	55	54
1137	373	55	54
1137	373	55	54
1137	373	55	54
1137	372	55	54
1136	370	55	54
1137	368	54	54
1137	367	55	55
1138	364	55	54
1139	363	54	54
1140	362	55	54
1142	360	55	54
1144	360	54	54
1146	359	55	54
1149	360	55	54
1152	361	54	55
1155	362	55	54
1158	363	55	55
1160	365	54	55
1163	367	55	55
1167	370	55	56
1171	371	55	55
1176	373	54	55
1178	377	55	55
1181	379	55	55
1184	382	55	55
1184	385	55	55
1185	388	55	55
1186	391	55	55
1187	394	55	55
1187	398	56	55
1186	402	56	55
1186	404	55	55
1186	406	55	55
1186	409	56	55
1187	411	56	56
1190	414	55	55
1191	416	56	55
1193	418	56	55
1200	419	56	54
1206	421	56	55
1209	422	56	56
1209	424	57	55
1213	426	56	57
1215	429	56	55
1216	430	56	56
1218	433	57	56
1219	434	57	55
1222	435	56	56
1223	436	57	55
1224	437	57	56
1225	438	58	56
1227	437	57	56
1228	436	58	57
1230	438	58	56
1231	437	58	56
1232	438	58	56
1233	437	59	56
1233	438	59	56
1234	438	58	56
1235	437	57	57
1234	437	58	57
1236	436	57	57
1235	434	57	57
1237	434	57	57
1238	433	56	56
1239	432	57	56
1240	430	57	56
1240	430	58	57
1239	428	59	56
1241	426	58	56
1241	425	58	56
1243	422	57	55
1242	421	58	55
1245	419	57	55
1245	416	57	55
1244	411	58	58
1243	406	60	60
1246	411	56	56
1247	408	56	55
1247	408	56	55
1248	406	57	56
1248	405	57	55
1247	404	57	56
1246	405	57	55
1246	405	56	55
1245	406	56	54
1243	406	56	55
1242	406	56	55
1239	407	56	54
1237	407	56	55
1235	407	56	54
1234	407	56	55
1231	407	55	55
1229	408	55	55
1227	409	55	55
1225	409	55	55
1224	410	56	54
1221	410	56	54
1220	411	56	54
1218	410	56	54
1216	409	56	54
1216	410	55	54
1215	408	56	54
1213	408	56	55
1213	408	55	54
1211	406	56	54
1212	404	55	54
1211	401	55	54
1210	398	56	54
1209	395	56	54
1208	392	56	54
1206	388	56	54
1205	383	56	55
1204	376	56	56
1202	370	56	56
1201	365	56	55
1200	360	56	55
1198	353	56	56
1198	347	55	56
1196	341	56	56
1196	338	56	55
1194	334	56	54
1193	331	56	54
1191	327	56	55
1189	326	55	55
1186	323	55	55
1184	321	55	55
1180	319	55	55
1177	318	56	55
1174	318	55	54
1172	317	55	54
1169	318	56	54
1165	317	55	54
1164	317	55	54
1161	317	55	54
1160	317	55	54
1158	319	57	54
1156	320	57	54
1155	321	57	54
1153	322	57	54
1151	324	57	55
1149	327	57	53
1147	328	57	54
1144	331	56	53
1141	333	57	54
1138	335	56	54
1136	338	55	54
1135	339	54	53
1133	341	54	54
1131	342	54	54
1130	344	53	54
1129	347	54	54
1128	349	54	54
1128	351	54	53
1127	353	54	54
1128	354	54	53
1128	355	53	54
1127	356	54	53
1128	357	54	54
1129	360	54	55
1128	362	54	54
1129	364	55	54
1129	366	54	54
1129	369	54	54
1129	370	55	54
1129	373	54	54
1131	374	53	54
1131	376	54	54
1131	378	54	54
1133	380	54	53
1134	381	54	53
1137	383	53	53
1144	384	54	53
1151	385	53	53
1157	387	54	53
1162	388	53	53
1165	391	54	54
1169	392	53	53
1173	394	53	54
1179	395	53	54
1184	397	53	53
1190	398	54	54
1194	399	53	54
1198	400	53	53
1200	400	54	53
1202	401	54	54
1204	401	54	54
1205	402	54	53
1206	403	55	53
1207	403	54	53
1207	404	54	53
1209	403	54	53
1210	404	54	53
1212	404	54	53
1214	405	54	53
1216	405	54	53
1219	405	54	53
1224	405	54	53
1226	405	55	53
1228	404	54	54
1230	403	54	54
1230	402	55	53
1230	401	54	53
1229	400	55	53
1229	397	55	53
1228	393	55	53
1226	387	55	54
1225	385	55	53
1224	384	55	53
1222	380	55	53
1220	377	55	53
1218	375	55	53
1217	372	55	53
1214	368	55	53
1213	367	55	53
1209	364	55	53
1207	361	55	53
1205	358	55	53
1203	356	55	53
1200	352	55	54
1197	349	55	53
1194	347	54	53
1192	344	54	53
1188	342	54	53
1186	342	55	53
1184	340	54	53
1182	339	54	53
1179	339	54	53
1177	339	54	53
1174	340	54	53
1172	340	54	53
1171	342	53	53
1169	343	53	53
1168	345	53	53
1166	347	53	53
1163	350	53	53
1161	352	53	53
1159	354	53	53
1157	356	53	53
1155	359	53	53
1154	362	53	53
1153	364	53	53
1153	367	53	53
1152	369	53	53
1153	372	53	53
1154	374	53	54
1153	377	53	53
1154	380	53	54
1154	383	53	53
1155	386	53	53
1155	390	53	53
1155	392	53	53
1155	395	53	54
1158	398	53	53
1158	400	53	53
1160	402	53	53
1161	403	53	54
1162	403	53	53
1164	405	53	53
1165	406	53	53
1166	406	53	53
1168	407	54	54
1170	407	54	53
1172	407	54	53
1176	407	54	53
1184	407	54	53
1192	407	54	53
1198	406	54	54
1204	406	54	53
1207	405	55	53
1210	405	54	53
1213	406	54	53
1216	404	55	54
1220	403	54	54
1222	403	55	53
1225	402	54	54
1228	401	55	54
1230	400	54	54
1231	401	55	53
1233	400	55	54
1235	400	55	54
1236	399	54	54
1237	398	55	54
1239	397	54	54
1241	397	54	54
1242	396	54	54
1245	395	54	54
1246	395	55	53
1248	394	55	54
1248	393	55	54
1250	392	55	54
1251	390	54	54
1252	389	54	53
1253	388	55	53
1254	385	54	54
1253	384	55	54
1254	383	55	54
1254	382	54	54
1254	379	55	54
1254	379	55	54
1254	376	55	54
1255	375	55	54
1255	374	55	54
1256	373	54	53
1255	372	55	54
1255	370	54	54
1255	370	54	53
1256	368	55	54
1255	368	55	53
1256	368	54	53
1256	366	54	54
1256	367	54	54
1256	366	54	54
1255	367	54	53
1255	368	54	53
1256	368	54	53
1256	370	54	53
1256	370	54	53
1256	370	54	53
1257	370	54	53
1258	372	54	53
1260	371	54	53
1263	372	54	54
1266	373	54	54
1270	375	54	53
1273	376	54	54
1276	378	54	54
1278	379	54	54
1281	381	54	54
1283	383	54	53
1285	383	54	54
1288	385	54	53
1290	385	54	53
1293	385	54	53
1294	384	54	53
1296	384	54	54
1297	385	54	54
1297	384	54	53
1295	384	54	54
1294	385	54	53
1292	385	54	53
1290	387	54	53
1285	388	54	53
1283	389	53	52
1276	388	53	53
1270	388	54	53
1265	388	53	53
1259	389	53	53
1253	389	53	53
1247	388	53	54
1241	388	53	53
1235	387	53	53
1228	387	53	53
1219	387	52	53
1210	386	52	52
1199	388	52	52
1190	386	52	53
1180	388	51	52
1170	389	52	52
1162	391	51	52
1156	392	52	53
1152	395	52	53
1149	397	52	52
1145	398	52	53
1142	399	52	53
1138	400	52	52
1135	402	52	52
1133	404	51	52
1130	405	52	52
1128	407	52	52
1126	407	52	52
1124	408	51	52
1125	410	51	52
1124	410	51	52
1125	412	51	52
1126	413	52	51
1126	414	51	52
1129	415	52	51
1135	414	52	53
1143	415	52	52
1146	416	52	52
1149	416	52	52
1152	417	52	52
1155	416	52	52
1164	417	53	52
1173	415	52	53
1180	414	53	53
1181	412	53	53
1182	412	53	52
1184	410	53	52
1182	410	53	52
1182	411	52	52
1181	411	53	52
1181	412	52	52
1180	412	52	52
1179	413	52	52
1179	412	52	52
1179	414	52	52
1177	416	52	52
1176	417	52	52
1175	419	51	53
1174	423	51	53
1173	424	51	52
1171	428	51	53
1170	431	51	53
1169	433	51	53
1168	436	51	52
1166	438	52	52
1166	440	52	52
1164	442	52	52
1163	444	52	52
1161	447	52	52
1160	448	52	52
1159	450	52	52
1158	451	52	52
1157	452	51	52
1156	453	51	52
1156	453	51	52
1154	454	51	52
1155	456	51	52
1153	456	52	52
1153	457	51	52
1153	458	52	52
1153	458	52	52
1152	457	52	52
1152	457	52	52
1150	456	52	52
1150	456	52	52
1149	455	52	52
1148	455	52	51
1148	454	52	52
1145	453	52	51
1145	453	52	51
1143	452	52	52
1143	452	52	51
1141	452	52	52
1139	452	52	52
1138	451	52	51
1137	452	52	52
1137	452	52	51
1136	452	51	52
1135	452	52	51
1136	453	51	51
1134	453	51	51
1135	453	51	51
1135	453	51	51
1135	452	52	51
1136	452	51	51
1136	452	52	51
1136	451	51	51
1136	450	51	51
1137	449	51	51
1136	448	51	51
1136	448	51	51
1136	446	51	51
1135	445	52	51
1136	442	51	51
1134	440	52	51
1133	436	52	51
1133	433	51	51
1133	429	51	51
1131	426	52	51
1130	422	52	51
1128	418	52	51
1127	415	52	51
1126	411	52	51
1124	408	52	51
1123	406	52	50
1121	401	52	51
1120	399	51	52
1117	396	52	51
1115	394	51	51
1113	393	51	51
1111	390	51	51
1109	389	51	51
1107	388	51	52
1105	388	51	51
1103	388	50	51
1100	388	50	51
1098	389	50	51
1096	391	50	51
1093	392	50	51
1091	394	49	51
1089	396	50	51
1087	399	49	51
1083	402	50	52
1081	404	50	51
1080	408	49	51
1076	410	50	51
1075	412	50	50
1073	418	50	52
1071	424	49	52
1069	430	50	52
1068	434	50	52
1068	437	50	50
1069	440	50	51
1070	443	50	51
1072	446	50	51
1073	448	50	50
1076	450	49	51
1078	454	49	51
1079	456	50	51
1081	460	50	51
1083	463	50	50
1084	466	50	51
1085	469	50	51
1085	473	50	51
1086	475	49	51
1086	478	50	51
1086	481	49	51
1086	483	49	51
1086	486	49	50
1086	487	49	51
1086	489	49	50
1086	491	49	50
1086	493	49	50
1085	494	49	50
1085	494	49	50
1086	495	49	50
1087	496	49	50
1087	497	49	50
1088	498	49	50
1089	499	49	50
1089	499	50	50
1090	500	50	50
1091	502	49	50
1091	503	50	50
1092	504	49	50
1092	506	49	51
1091	507	50	50
1092	509	50	51
1091	510	49	50
1091	511	49	50
1091	512	50	50
1089	512	50	50
1089	514	50	50
1087	515	49	50
1086	516	49	50
1084	518	49	49
1082	519	49	49
1080	519	49	49
1078	520	49	50
1075	520	49	50
1073	522	49	49
1071	523	49	50
1068	524	49	49
1065	524	49	50
1063	526	49	50
1060	528	49	50
1057	529	49	49
1054	529	49	50
1051	531	49	49
1047	532	49	50
1044	533	49	49
1040	534	48	49
1034	534	48	49
1027	535	48	50
1022	536	48	49
1017	535	48	49
1015	535	49	49
1011	536	48	49
1007	535	49	49
1004	535	48	49
1000	533	49	49
997	532	49	49
995	530	48	49
992	529	48	50
990	526	49	49
988	525	49	49
985	522	49	49
983	520	48	49
981	517	49	49
977	514	49	49
974	512	49	49
971	509	49	49
969	506	49	49
966	503	49	49
963	501	49	49
959	497	49	49
958	494	48	49
955	492	49	49
953	489	49	49
950	486	49	49
948	483	49	50
946	480	49	49
943	478	49	49
941	476	49	49
939	474	48	49
936	472	48	49
936	470	48	49
934	468	48	50
932	466	48	50
929	465	48	49
928	465	48	49
925	465	48	49
924	463	48	49
922	463	48	48
920	464	48	48
920	464	48	48
920	465	47	49
920	465	48	48
919	466	48	49
919	468	47	49
920	469	48	48
920	470	48	49
921	471	48	49
921	472	48	48
921	473	48	49
922	474	48	49
921	475	48	48
922	477	48	49
922	477	48	48
922	479	48	50
923	480	48	48
923	481	47	49
923	482	48	48
923	483	48	49
924	484	47	48
924	486	47	49
923	486	48	48
923	487	48	49
922	489	48	48
922	490	48	49
921	490	48	49
921	490	48	49
920	491	48	49
919	492	48	49
919	493	48	49
917	493	48	49
916	494	48	49
914	495	48	49
912	495	47	48
909	496	48	48
906	496	48	49
903	496	48	49
900	497	48	49
896	497	48	49
894	497	48	49
890	497	48	50
887	497	48	49
884	496	48	49
882	496	48	49
881	495	48	49
878	496	48	49
875	495	48	49
873	495	48	49
871	494	48	49
869	493	48	49
865	493	49	49
864	493	48	49
862	493	48	49
859	492	49	49
857	492	48	49
856	492	48	49
853	491	48	49
852	491	48	49
851	490	48	49
852	490	48	48
850	490	48	49
849	490	48	49
849	489	48	48
847	488	48	49
846	487	48	49
845	485	48	49
844	485	48	49
843	484	48	49
843	483	48	49
842	482	48	49
842	482	48	48
842	481	48	49
842	480	48	49
842	478	48	49
842	477	48	49
842	476	48	49
842	476	48	49
842	474	48	49
842	474	48	49
841	474	48	49
842	473	48	49
841	473	48	49
841	472	48	49
842	471	48	49
842	471	48	48
842	471	48	49
842	470	48	49
843	470	48	49
843	470	48	49
842	470	48	49
844	470	48	49
843	469	48	49
844	469	48	49
846	469	47	49
846	470	48	49
846	470	48	49
847	470	47	49
848	470	47	49
849	471	48	49
850	471	48	49
850	472	48	50
851	473	47	49
851	474	47	50
853	474	47	49
853	475	48	50
854	476	47	50
854	477	48	49
855	478	48	50
855	478	48	49
856	479	48	49
855	479	48	50
856	479	48	49
856	480	48	50
857	480	48	49
857	481	48	50
857	482	48	49
856	482	49	49
857	483	48	49
857	483	49	49
857	485	48	49
857	485	48	49
855	486	48	48
854	486	48	48
854	487	48	48
853	487	48	49
853	488	48	49
852	487	48	49
851	487	48	49
851	487	48	49
851	486	49	49
850	486	49	49
849	486	48	49
849	486	48	49
849	486	48	49
848	485	48	49
847	485	48	49
847	485	48	49
846	486	48	49
845	485	48	49
844	486	48	49
843	485	48	49
841	485	48	49
840	486	48	49
839	486	48	49
838	486	49	49
