0	921.0	495.0	54	54
0	922.0	493.5	54	55
0	925.0	494.5	54	55
0	926.0	494.5	54	55
0	928.0	493.5	54	55
0	929.0	493.5	54	55
0	931.0	493.5	54	55
0	931.0	493.5	54	55
0	932.0	494.5	54	55
0	931.5	494.5	55	55
0	931.0	495.5	54	55
0	931.0	494.5	54	55
0	930.0	495.5	54	55
0	930.0	496.5	54	55
0	929.5	496.0	55	54
0	928.5	497.0	55	54
0	927.5	497.5	55	55
0	925.5	497.5	55	55
0	924.5	497.5	55	55
0	922.0	498.5	54	55
0	920.5	499.5	55	55
0	920.5	499.5	55	55
0	917.0	501.5	54	55
0	916.5	501.5	55	55
0	915.0	502.5	54	55
0	913.5	502.5	55	55
0	911.0	502.5	54	55
0	910.5	503.0	55	54
0	908.5	502.5	55	55
0	906.5	503.5	55	55
0	906.0	503.0	54	54
0	904.0	502.5	54	55
0	902.5	502.5	55	55
0	901.0	503.0	54	54
0	899.5	502.5	55	55
0	897.5	502.5	55	55
0	896.0	502.0	54	54
0	894.0	501.5	54	55
0	893.5	500.5	55	55
0	890.0	501.5	54	55
0	888.5	499.5	55	55
0	886.5	500.5	55	55
0	884.5	499.5	55	55
0	883.0	499.0	54	54
0	880.5	498.5	55	55
0	878.5	499.5	55	55
0	876.5	498.5	55	55
0	873.5	499.5	55	55
0	871.5	498.5	55	55
0	869.5	499.5	55	55
0	867.5	499.0	55	54
0	866.5	498.5	55	55
0	864.0	497.5	54	55
0	864.0	496.0	54	54
0	863.0	495.5	54	55
0	863.0	494.5	54	55
0	864.0	493.5	54	55
0	863.0	491.5	54	55
0	863.0	490.5	54	55
0	863.0	489.5	54	55
0	863.0	488.0	54	54
0	863.0	486.5	54	55
0	863.0	485.5	54	55
0	863.0	484.5	54	55
0	863.0	484.5	54	55
0	863.0	482.5	54	55
0	862.0	482.0	54	54
0	862.0	481.5	54	55
0	863.0	480.0	54	54
0	862.0	480.0	54	54
0	861.0	480.5	54	55
0	861.0	480.5	54	55
0	859.5	480.0	55	54
0	858.0	480.5	54	55
0	858.0	480.5	54	55
0	857.5	480.5	55	55
0	856.0	480.0	54	54
0	856.0	482.0	54	54
0	856.0	482.0	54	54
0	855.0	483.0	54	54
0	855.0	484.0	54	54
0	857.0	484.0	54	54
0	857.0	485.0	54	54
0	858.5	487.0	53	54
0	859.5	489.5	53	55
0	859.0	490.0	54	54
0	860.5	492.0	53	54
0	862.0	493.0	54	54
0	863.0	494.0	54	54
0	863.5	495.0	53	54
0	865.0	497.0	54	54
0	866.0	497.0	54	54
0	867.0	497.0	54	54
0	868.5	496.0	53	54
0	869.0	495.5	54	55
0	871.0	495.5	54	55
0	872.0	494.5	54	55
0	873.0	494.5	54	55
0	873.5	492.0	53	54
0	874.5	492.0	53	54
0	875.0	491.5	54	55
0	876.0	490.5	54	55
0	876.0	489.5	54	55
0	874.0	488.0	54	54
0	873.0	486.5	54	55
0	872.0	485.0	54	54
0	871.5	484.5	53	55
0	869.0	483.5	54	55
0	868.0	483.0	54	54
0	868.0	482.0	54	54
0	866.5	481.5	53	55
0	866.0	479.0	54	54
0	864.0	477.5	54	55
0	863.5	476.5	53	55
0	863.0	475.0	54	54
0	862.0	474.5	54	55
0	861.0	473.0	54	54
0	860.0	472.0	54	54
0	859.0	471.5	54	55
0	858.5	469.5	53	55
0	858.5	468.0	53	54
0	858.0	467.0	54	54
0	857.0	466.0	54	54
0	857.0	464.0	54	54
0	857.0	463.0	54	54
0	856.0	462.0	54	54
0	856.0	460.5	54	55
0	855.0	459.5	54	55
0	855.0	458.0	54	54
0	854.0	457.0	54	54
0	854.0	456.5	54	55
0	854.0	455.0	54	54
0	853.0	453.5	54	55
0	852.0	452.5	54	55
0	851.0	452.0	54	54
0	850.0	451.0	54	54
0	849.0	450.0	54	54
0	848.0	449.0	54	54
0	847.0	449.0	54	54
0	846.0	447.0	54	54
0	846.0	447.5	54	55
0	844.0	447.0	54	54
0	843.0	446.0	54	54
0	842.0	446.5	54	55
0	842.0	445.5	54	55
0	842.0	446.0	54	54
0	841.0	445.5	54	55
0	841.0	446.0	54	54
0	841.0	446.0	54	54
0	840.0	446.0	54	54
0	839.0	446.0	54	54
0	838.5	447.0	53	54
0	838.0	447.0	54	54
0	835.5	447.0	53	54
0	835.0	447.0	54	54
0	833.0	448.0	54	54
0	830.5	448.0	53	54
0	828.5	450.0	53	54
0	826.5	451.5	53	55
0	823.5	452.0	53	54
0	821.0	453.0	54	54
0	818.0	454.0	54	54
0	815.0	455.0	54	54
0	812.0	455.0	54	54
0	809.0	456.5	54	55
0	805.0	455.5	54	55
0	800.0	455.5	54	55
0	794.0	457.5	54	55
0	790.0	455.5	54	55
0	787.0	456.5	54	55
0	784.0	456.5	54	55
0	780.5	456.5	55	55
0	777.0	456.5	54	55
0	775.5	456.5	55	55
0	772.5	456.5	55	55
0	771.5	456.5	55	55
0	770.5	456.5	55	55
0	770.5	455.5	55	55
0	768.5	456.5	55	55
0	769.5	456.5	55	55
0	769.0	455.5	54	55
0	770.5	456.5	55	55
0	771.0	455.5	54	55
0	771.0	456.5	54	55
0	773.5	456.5	55	55
0	774.0	456.5	54	55
0	776.5	457.5	55	55
0	777.0	457.5	54	55
0	778.0	457.5	54	55
0	780.5	458.5	55	55
0	781.0	459.5	54	55
0	783.0	460.0	54	54
0	784.0	461.5	54	55
0	786.0	463.5	54	55
0	787.0	465.5	54	55
0	788.0	467.5	54	55
0	790.0	468.5	54	55
0	790.5	472.0	53	56
0	792.0	475.0	54	56
0	792.0	478.0	54	56
0	792.0	480.0	54	56
0	792.5	481.5	55	55
0	790.0	486.0	54	56
0	791.5	488.0	55	56
0	788.0	491.0	54	56
0	786.5	494.0	55	56
0	785.0	497.0	54	56
0	782.0	499.0	54	56
0	779.0	501.0	54	56
0	776.5	502.5	55	55
0	774.5	504.5	55	55
0	770.0	506.5	54	55
0	767.5	506.5	55	55
0	763.5	507.5	55	55
0	761.5	506.5	55	55
0	757.5	507.5	55	55
0	755.5	507.0	55	56
0	751.5	505.5	55	55
0	748.5	506.0	55	56
0	746.0	506.0	56	56
0	743.5	504.0	55	56
0	740.5	504.0	55	56
0	737.5	502.5	55	55
0	734.5	502.0	55	56
0	733.0	500.5	56	55
0	730.5	501.0	55	56
0	728.0	499.5	56	55
0	726.0	500.0	56	56
0	724.0	499.0	56	56
0	722.0	498.0	56	56
0	720.0	497.0	56	56
0	719.0	495.0	56	56
0	720.0	494.0	56	56
0	719.0	493.0	56	56
0	720.0	491.0	56	56
0	720.5	490.0	55	56
0	722.5	488.5	55	55
0	723.5	487.0	55	56
0	724.5	485.5	55	55
0	725.5	486.0	55	56
0	726.5	486.0	55	56
0	728.0	486.0	56	56
0	729.0	486.0	56	56
0	730.0	486.0	56	56
0	731.0	486.0	56	56
0	731.0	487.0	56	56
0	730.5	486.0	55	56
0	732.0	487.0	56	56
0	731.5	488.0	55	56
0	731.5	489.0	55	56
0	732.5	491.0	55	56
0	733.5	491.0	55	56
0	735.5	491.0	55	56
0	737.5	490.0	55	56
0	738.0	489.0	54	56
0	741.0	486.0	54	56
0	743.5	485.0	55	56
0	748.5	480.5	55	57
0	749.5	477.0	55	56
0	751.5	475.0	55	56
0	754.5	472.0	55	56
0	756.5	470.0	55	56
0	758.5	468.0	55	56
0	760.5	465.0	55	56
0	763.5	463.0	55	56
0	764.5	462.5	55	57
0	766.5	462.5	55	57
0	769.5	460.5	55	57
0	771.5	459.5	55	57
0	772.5	458.5	55	57
0	775.0	457.5	54	57
0	777.0	458.5	54	57
0	779.0	457.5	54	57
0	781.0	456.5	54	57
0	784.0	456.0	54	56
0	786.0	455.5	54	57
0	789.5	455.0	55	56
0	792.5	456.0	55	56
0	796.0	455.0	54	56
0	800.5	455.0	53	56
0	803.5	455.0	53	56
0	807.5	457.0	53	56
0	810.0	456.0	54	56
0	813.5	456.0	53	56
0	817.0	456.0	54	56
0	821.5	457.0	53	56
0	826.5	457.0	53	56
0	831.5	455.0	53	56
0	837.5	455.5	53	55
0	843.5	455.0	53	56
0	848.5	454.0	53	56
0	854.5	453.5	53	55
0	859.5	452.5	53	55
0	863.5	452.5	53	55
0	868.5	452.5	53	55
0	870.0	450.5	54	55
0	873.5	451.5	53	55
0	875.5	451.5	53	55
0	877.0	452.5	54	55
0	879.0	452.5	54	55
0	878.5	454.5	53	55
0	878.5	456.5	53	55
0	876.5	458.0	53	54
0	876.0	460.5	54	55
0	874.5	462.5	53	55
0	872.5	464.5	53	55
0	871.5	466.5	53	55
0	869.5	468.5	53	55
0	868.0	469.5	54	55
0	867.0	472.5	54	55
0	864.5	473.0	53	54
0	863.0	474.0	54	54
0	862.0	475.0	54	54
0	859.5	476.0	53	54
0	857.5	477.0	53	54
0	856.5	478.0	53	54
0	855.0	479.0	54	54
0	853.0	479.0	54	54
0	852.0	480.0	54	54
0	850.0	480.5	54	55
0	849.0	480.0	54	54
0	847.0	479.0	54	54
0	845.0	477.0	54	54
0	844.0	477.0	54	54
0	842.0	474.5	54	55
0	838.5	473.5	53	55
0	838.0	472.5	54	55
0	836.0	470.5	54	55
0	833.5	470.5	53	55
0	830.5	467.5	53	55
0	829.0	467.0	54	54
0	826.0	464.5	54	55
0	825.0	464.0	54	54
0	821.0	462.5	54	55
0	814.5	461.5	53	55
0	804.5	460.5	53	55
0	795.5	457.5	53	55
0	786.5	457.5	53	55
0	780.0	456.5	54	55
0	773.0	455.5	54	55
0	768.0	454.5	54	55
0	765.0	452.5	54	55
0	761.0	451.5	54	55
0	758.0	450.5	54	55
0	754.5	448.5	55	55
0	752.5	448.5	55	55
0	749.5	446.0	55	56
0	747.0	444.5	54	55
0	745.5	442.5	55	55
0	743.5	440.5	55	55
0	742.5	440.0	55	54
0	741.5	437.5	55	55
0	740.0	436.5	54	55
0	738.0	434.5	54	55
0	737.0	434.0	54	54
0	736.5	432.0	55	54
0	735.0	432.0	54	54
0	733.0	431.0	54	54
0	733.0	431.0	54	54
0	732.0	431.0	54	54
0	733.0	430.0	54	54
0	732.0	430.0	54	54
0	732.0	429.0	54	54
0	733.0	430.0	54	54
0	734.0	430.0	54	54
0	735.0	430.0	54	54
0	738.0	430.0	54	54
0	739.0	431.0	54	54
0	740.5	431.0	53	54
0	743.5	431.5	53	53
0	746.0	433.0	54	54
0	748.5	434.0	53	54
0	756.5	434.5	53	55
0	763.5	435.0	53	54
0	771.5	437.0	53	54
0	778.5	437.5	53	55
0	783.0	438.0	52	54
0	788.0	438.0	52	54
0	793.5	437.0	53	54
0	795.0	439.0	52	54
0	798.5	439.0	53	54
0	801.5	439.0	53	54
0	802.5	438.5	53	53
0	805.5	438.0	53	54
0	807.5	439.0	53	54
0	809.5	438.0	53	54
0	811.5	437.5	53	53
0	812.5	437.0	53	54
0	813.5	436.0	53	54
0	815.5	435.0	53	54
0	816.5	433.5	53	53
0	818.5	433.5	53	55
0	819.5	432.0	53	54
0	821.0	432.0	52	54
0	822.5	432.5	53	55
0	825.0	431.0	52	54
0	826.5	431.0	53	54
0	828.5	431.5	53	55
0	829.5	430.0	53	54
0	830.5	430.5	53	55
0	831.5	431.5	53	55
0	833.5	431.5	53	55
0	833.5	431.5	53	55
0	832.5	431.5	53	55
0	832.0	432.0	54	54
0	831.5	432.0	53	54
0	833.0	432.5	54	55
0	831.5	433.0	53	54
0	831.5	433.0	53	54
0	833.5	431.5	53	55
0	833.0	430.5	54	55
0	834.0	429.5	52	55
0	833.5	428.5	53	55
0	834.5	426.5	53	55
0	834.5	425.5	53	55
0	833.5	424.5	53	55
0	832.5	423.5	53	55
0	831.5	421.5	53	55
0	829.5	420.5	53	55
0	828.5	419.5	53	55
0	827.5	418.0	53	54
0	826.5	417.5	53	55
0	824.5	416.5	53	55
0	824.5	415.0	53	54
0	823.5	414.5	53	55
0	821.5	414.5	53	55
0	821.5	412.5	53	55
0	820.5	412.5	53	55
0	820.5	410.5	53	55
0	819.5	409.5	53	55
0	819.5	407.5	53	55
0	819.5	406.5	53	55
0	818.5	405.0	53	54
0	818.5	404.5	53	55
0	817.5	403.5	53	55
0	815.5	403.5	53	55
0	814.5	401.5	53	55
0	812.0	401.5	54	55
0	808.5	400.5	53	55
0	805.5	401.5	53	55
0	804.0	400.5	54	55
0	801.5	400.5	53	55
0	799.0	399.5	54	55
0	796.0	399.5	54	55
0	795.0	398.5	52	55
0	792.5	397.5	53	55
0	790.5	397.5	53	55
0	789.0	396.5	54	55
0	786.0	396.5	54	55
0	784.5	396.5	53	55
0	781.0	397.5	54	55
0	779.0	397.5	54	55
0	775.0	397.5	54	55
0	772.5	398.0	55	56
0	767.0	397.5	54	55
0	758.5	398.5	53	55
0	748.5	398.5	53	55
0	738.5	398.5	53	55
0	729.0	398.5	54	55
0	722.5	398.5	55	55
0	718.0	398.0	56	56
0	712.5	397.0	55	56
0	709.0	397.0	56	56
0	702.0	398.0	56	56
0	695.5	398.0	55	56
0	687.5	399.0	55	56
0	682.0	398.0	56	56
0	676.0	398.5	56	57
0	671.0	400.0	56	56
0	668.0	401.0	56	56
0	664.5	400.5	55	55
0	660.0	401.0	56	56
0	657.5	401.0	55	56
0	658.0	400.5	54	55
0	657.5	400.5	55	55
0	659.0	402.0	54	56
0	662.5	401.5	53	55
0	664.0	403.0	54	56
0	671.0	403.5	54	55
0	677.5	406.0	55	56
0	684.0	407.5	56	55
0	690.0	408.5	56	55
0	697.0	409.5	56	55
0	706.5	414.0	55	56
0	712.0	414.0	54	54
0	717.5	415.5	55	55
0	723.0	416.5	54	55
0	726.5	417.5	53	55
0	731.5	419.5	53	55
0	732.0	420.0	54	54
0	735.5	421.0	53	54
0	737.0	422.5	54	55
0	738.0	423.5	54	55
0	740.0	423.5	54	55
0	741.0	424.5	54	55
0	742.0	424.5	54	55
0	743.0	424.5	54	55
0	744.0	424.5	54	55
0	744.0	425.5	54	55
0	745.0	424.5	54	55
0	746.0	423.5	54	55
0	749.0	423.5	54	55
0	751.0	422.5	54	55
0	752.0	422.5	54	55
0	754.5	421.5	53	55
0	759.0	421.5	52	55
0	767.0	420.5	54	55
0	774.5	420.5	53	55
0	782.5	419.5	53	55
0	788.5	419.5	53	55
0	794.5	417.5	53	55
0	799.5	415.5	53	55
0	802.5	414.5	53	55
0	806.5	413.5	53	55
0	808.0	412.5	54	55
0	810.5	410.0	53	56
0	813.5	408.5	53	55
0	815.5	407.5	53	55
0	816.5	406.5	53	55
0	820.0	405.5	52	55
0	822.0	404.5	52	55
0	824.0	404.5	52	55
0	827.0	404.5	52	55
0	829.0	404.5	52	55
0	832.0	404.5	52	55
0	835.5	405.5	51	55
0	838.0	406.0	52	56
0	841.0	406.0	52	54
0	843.0	408.0	52	56
0	845.5	408.5	51	55
0	849.5	408.5	51	55
0	854.5	408.5	51	55
0	861.5	409.5	51	55
0	866.5	410.5	51	55
0	869.0	410.5	52	55
0	871.5	410.5	53	55
0	873.0	410.5	52	55
0	875.0	412.0	52	56
0	876.0	411.5	52	55
0	878.5	413.0	53	56
0	878.5	412.5	53	55
0	877.5	414.5	53	55
0	877.5	414.5	53	55
0	875.5	414.5	53	55
0	873.0	416.0	52	56
0	870.0	417.0	52	56
0	866.0	417.5	52	55
0	862.5	417.5	53	55
0	858.0	420.0	52	56
0	855.5	420.5	53	55
0	852.0	420.5	52	55
0	847.0	421.0	52	56
0	843.5	421.5	53	55
0	839.5	421.5	53	55
0	835.5	422.0	53	56
0	830.5	422.0	53	56
0	826.5	421.5	53	55
0	824.0	421.5	54	55
0	819.5	420.5	53	55
0	817.0	420.0	54	56
0	813.5	418.5	53	55
0	810.5	417.5	53	55
0	806.5	416.5	53	55
0	804.5	415.5	53	55
0	802.5	414.0	53	56
0	800.5	412.0	53	56
0	799.5	410.5	53	55
0	796.5	408.0	53	56
0	795.5	407.5	53	55
0	793.5	406.0	53	54
0	790.5	406.5	53	55
0	787.5	405.5	53	55
0	783.5	405.5	53	55
0	779.5	405.5	53	55
0	771.0	405.5	52	55
0	763.0	404.5	52	55
0	757.5	404.5	53	55
0	753.5	404.5	53	55
0	751.0	403.5	54	55
0	745.5	403.5	53	55
0	742.5	402.5	53	55
0	740.0	403.0	54	54
0	738.0	401.5	54	55
0	734.5	400.0	53	56
0	733.5	398.5	53	55
0	733.5	396.5	53	55
0	734.0	394.5	54	55
0	732.5	393.5	53	55
0	734.0	389.5	54	55
0	734.0	390.0	54	54
0	734.0	389.0	54	54
0	733.0	387.0	54	54
0	733.0	387.0	54	54
0	732.0	386.5	54	55
0	732.0	387.0	54	54
0	732.0	386.0	54	54
0	731.0	386.0	54	54
0	732.0	386.0	54	54
0	732.0	386.0	54	54
0	733.5	385.0	53	54
0	734.0	385.0	52	54
0	736.5	385.5	53	55
0	737.0	386.0	52	54
0	738.0	386.0	52	54
0	741.0	387.0	52	54
0	743.0	388.0	52	54
0	745.5	389.0	51	54
0	748.0	389.0	52	54
0	750.0	391.0	52	54
0	751.5	390.0	53	54
0	752.0	392.0	52	54
0	753.0	392.0	52	54
0	754.0	393.0	52	54
0	753.5	393.0	53	54
0	753.0	394.0	52	54
0	751.5	393.5	53	55
0	750.5	394.0	53	54
0	749.5	394.0	53	54
0	747.5	394.0	53	54
0	746.5	394.0	53	54
0	744.5	394.5	53	55
0	741.5	394.5	53	55
0	738.5	395.0	53	54
0	736.5	394.5	53	55
0	732.5	397.5	53	55
0	729.5	396.5	53	55
0	725.5	396.5	53	55
0	722.5	398.5	53	55
0	720.5	398.5	53	55
0	717.5	400.5	53	55
0	714.0	400.5	54	55
0	712.0	402.5	54	55
0	710.5	402.5	53	55
0	709.0	403.5	54	55
0	707.0	402.5	54	55
0	704.5	402.5	53	55
0	702.5	403.5	53	55
0	701.5	402.5	53	55
0	699.5	402.5	53	55
0	696.5	401.5	53	55
0	693.5	400.5	53	55
0	690.5	398.0	53	56
0	687.5	397.5	53	55
0	682.5	395.5	53	55
0	679.5	394.5	53	55
0	675.5	393.5	53	55
0	671.5	393.5	53	55
0	668.0	393.5	54	55
0	662.5	392.5	53	55
0	658.0	393.5	54	55
0	653.5	392.5	53	55
0	648.5	394.5	53	55
0	640.5	395.5	53	55
0	632.5	394.5	53	55
0	627.0	395.5	54	55
0	621.0	396.5	54	55
0	616.0	396.5	54	55
0	610.0	398.0	54	56
0	604.0	397.0	54	56
0	599.0	398.5	54	55
0	595.0	399.0	54	56
0	590.0	399.5	54	55
0	586.5	399.0	55	56
0	582.0	399.5	54	55
0	578.0	399.0	54	56
0	575.0	400.5	54	55
0	571.5	399.0	55	56
0	570.5	400.0	55	56
0	568.5	398.0	55	56
0	565.0	397.0	54	56
0	563.5	395.0	55	56
0	562.0	393.0	54	56
0	559.0	391.0	54	56
0	556.5	389.5	55	57
0	553.0	390.5	54	55
0	550.5	391.0	55	56
0	546.5	391.0	55	56
0	542.5	392.5	55	57
0	538.0	394.0	54	56
0	534.5	395.5	55	57
0	531.5	397.0	55	56
0	527.5	399.5	55	57
0	524.5	401.0	55	56
0	520.5	404.5	55	57
0	517.0	405.0	56	56
0	512.5	408.0	55	56
0	508.0	409.0	56	56
0	499.5	412.5	55	57
0	492.5	414.5	55	57
0	484.0	415.5	56	57
0	478.0	417.5	56	57
0	472.0	420.5	56	57
0	468.0	423.0	56	56
0	464.0	424.0	56	56
0	461.5	425.0	57	56
0	458.0	426.5	56	57
0	455.5	427.0	57	56
0	452.5	425.5	57	57
0	450.5	426.0	57	56
0	448.5	424.5	57	57
0	446.5	423.0	57	56
0	446.5	423.0	57	56
0	444.5	421.5	57	57
0	443.5	422.0	57	56
0	443.5	422.0	57	56
0	442.5	422.0	57	56
0	440.5	422.5	57	57
0	440.5	423.0	57	56
0	441.0	425.5	56	57
0	441.0	425.0	56	56
0	444.0	426.0	56	56
0	446.0	425.0	56	56
0	452.0	427.0	56	56
0	463.0	426.0	56	56
0	473.5	426.5	55	55
0	482.0	426.0	56	56
0	488.5	428.0	55	56
0	491.5	426.5	55	57
0	494.5	428.0	55	56
0	496.5	429.0	55	56
0	500.0	431.5	56	57
0	501.5	432.0	55	56
0	503.5	434.5	55	57
0	507.5	436.0	55	56
0	509.5	438.5	55	57
0	512.0	439.0	54	56
0	514.0	441.0	54	56
0	520.0	443.0	54	56
0	528.0	444.0	54	56
0	536.5	444.0	55	56
0	540.5	444.0	53	56
0	544.0	444.0	54	56
0	547.0	442.5	54	55
0	549.5	442.0	53	56
0	553.0	441.0	54	56
0	554.5	440.0	53	56
0	559.5	439.0	53	56
0	562.5	439.5	53	57
0	567.5	439.0	53	56
0	573.5	438.5	53	57
0	577.5	438.5	53	57
0	580.5	439.5	53	57
0	583.5	439.0	53	56
0	586.5	438.0	53	56
0	588.5	438.0	53	56
0	590.5	438.0	53	56
0	593.5	438.0	53	56
0	594.5	439.0	53	56
0	596.0	438.0	52	56
0	597.5	438.0	53	56
0	599.5	439.0	53	56
0	600.5	438.0	53	56
0	602.5	438.0	53	56
0	602.5	438.0	53	56
0	603.0	437.5	54	55
0	602.5	437.5	53	55
0	602.5	438.0	53	56
0	601.5	436.5	53	55
0	601.0	437.5	54	55
0	598.5	437.0	53	56
0	597.0	438.0	54	56
0	594.0	437.5	54	55
0	590.0	437.0	54	56
0	587.5	436.5	53	55
0	585.5	437.0	53	56
0	583.0	437.5	54	55
0	577.5	435.5	55	57
0	574.5	434.5	55	57
0	573.0	437.0	54	56
0	569.0	437.0	54	56
0	566.5	437.0	55	56
0	561.5	438.0	55	56
0	555.0	438.5	54	57
0	549.5	440.0	55	56
0	543.0	439.0	56	58
0	537.0	442.0	56	58
0	529.0	441.0	54	56
0	518.0	441.0	54	56
0	506.0	441.5	54	55
0	495.0	441.0	54	56
0	487.5	442.5	55	57
0	483.5	444.0	55	56
0	479.5	444.0	55	56
0	475.5	443.5	55	57
0	470.5	443.0	55	56
0	467.0	443.0	56	56
0	464.0	444.0	56	56
0	461.0	443.0	56	56
0	458.0	443.0	56	56
0	455.5	443.0	55	56
0	452.5	443.0	55	56
0	452.0	442.0	56	56
0	452.5	443.0	55	56
0	452.5	442.0	55	56
0	453.5	442.0	55	56
0	455.5	440.5	55	55
0	456.0	441.0	54	56
0	457.0	441.0	54	56
0	460.0	439.5	54	55
0	462.5	440.0	55	56
0	463.5	438.0	55	56
0	465.0	438.0	54	56
0	467.0	436.5	54	55
0	469.0	435.0	54	56
0	471.0	435.5	54	55
0	472.0	434.0	54	56
0	474.0	435.0	54	56
0	475.0	434.0	54	56
0	476.0	434.0	54	56
0	476.0	435.0	54	56
0	476.0	435.0	54	56
0	475.0	435.5	54	55
0	476.0	435.0	54	56
0	475.0	435.0	54	56
0	476.0	436.0	54	56
0	476.0	435.0	54	56
0	477.0	435.5	54	55
0	479.0	435.5	54	55
0	479.0	435.5	54	55
0	480.0	437.0	54	56
0	482.0	436.5	54	55
0	484.0	438.0	54	56
0	487.0	438.5	54	55
0	489.0	440.0	54	56
0	491.5	442.0	53	56
0	492.5	443.5	53	55
0	494.0	444.0	54	56
0	496.0	446.0	54	56
0	495.5	446.5	53	55
0	498.5	449.0	53	56
0	499.5	448.5	53	55
0	501.5	451.0	53	56
0	503.5	450.5	53	55
0	503.5	452.0	53	56
0	505.0	452.5	52	55
0	505.5	452.5	53	55
0	507.0	452.5	52	55
0	507.5	452.5	53	55
0	508.5	452.0	53	56
0	509.5	452.0	53	56
0	508.5	451.5	53	55
0	507.5	450.5	53	55
0	506.5	449.5	53	55
0	505.0	448.5	54	55
0	504.0	448.5	54	55
0	502.0	448.0	54	56
0	502.0	447.0	54	56
0	500.5	446.0	53	56
0	499.5	444.5	53	55
0	498.5	444.0	53	56
0	498.5	443.0	53	56
0	498.5	442.0	53	56
0	500.0	439.5	52	55
0	500.5	440.0	53	56
0	503.0	437.5	52	55
0	504.0	436.5	52	55
0	508.0	435.0	52	56
0	511.0	434.0	52	56
0	513.0	431.5	52	55
0	516.0	429.5	52	55
0	519.0	427.5	52	55
0	521.5	425.5	53	55
0	523.5	423.5	53	55
0	524.5	421.5	53	55
0	527.0	420.5	52	55
0	528.0	418.5	52	55
0	530.0	418.5	52	55
0	531.0	416.5	52	55
0	531.0	416.5	52	55
0	531.0	415.5	52	55
0	531.0	414.5	52	55
0	530.5	413.5	53	55
0	529.5	414.5	53	55
0	529.5	412.5	53	55
0	528.5	412.5	53	55
0	526.5	412.5	53	55
0	525.5	413.5	53	55
0	523.5	412.5	53	55
0	521.5	413.5	53	55
0	521.0	413.5	54	55
0	518.5	415.0	53	56
0	518.0	414.5	54	55
0	516.5	416.0	53	56
0	515.0	414.5	54	55
0	512.5	414.5	53	55
0	511.5	414.5	53	55
0	508.5	414.5	53	55
0	506.5	416.0	53	56
0	504.5	417.0	53	56
0	500.5	418.0	53	56
0	498.5	419.0	53	56
0	495.0	421.5	54	57
0	490.0	422.0	54	56
0	486.0	424.0	54	56
0	480.0	426.0	54	56
0	474.0	427.0	54	56
0	469.0	430.5	54	57
0	465.0	431.0	54	56
0	462.5	432.0	55	56
0	458.0	435.5	54	57
0	454.5	437.0	55	56
0	447.5	442.0	55	58
0	444.5	444.0	55	56
0	441.5	447.5	55	57
0	439.0	448.0	56	56
0	435.5	450.5	55	57
0	432.0	449.0	56	56
0	429.5	449.0	55	56
0	426.0	446.5	56	57
0	425.0	444.5	56	57
0	422.0	441.5	56	57
0	421.0	435.5	56	57
0	420.0	432.5	56	57
0	419.0	428.5	56	57
0	417.5	425.5	55	57
0	417.5	423.5	55	57
0	414.5	421.5	55	57
0	414.5	420.5	55	57
0	415.0	418.5	56	57
0	415.0	418.0	56	56
0	414.5	416.5	55	57
0	416.5	415.5	55	57
0	417.5	413.5	55	57
0	419.5	411.5	55	57
0	421.5	409.5	55	57
0	423.0	409.0	54	56
0	425.0	408.0	54	56
0	428.0	408.0	54	56
0	430.5	407.0	53	56
0	438.0	408.0	54	56
0	444.5	409.0	53	56
0	449.5	408.0	53	56
0	453.5	408.5	53	57
0	459.5	407.5	53	57
0	464.0	406.5	54	57
0	468.5	404.5	53	57
0	471.0	404.0	54	56
0	474.0	401.0	54	56
0	476.0	400.5	54	55
0	477.5	400.5	55	55
0	480.5	400.0	53	56
0	483.0	399.0	54	56
0	484.5	399.0	53	56
0	486.5	399.0	53	56
0	487.5	399.0	53	56
0	487.5	399.0	53	56
0	486.5	399.0	53	56
0	485.0	399.0	54	56
0	483.0	399.0	54	56
0	481.0	398.0	54	56
0	479.0	396.5	54	57
0	477.0	395.0	54	56
0	475.0	394.5	54	57
0	474.0	392.5	54	57
0	472.0	391.0	54	56
0	470.0	390.5	54	57
0	469.0	389.5	54	57
0	468.0	387.5	54	57
0	467.0	387.0	54	56
0	466.5	385.0	55	56
0	464.5	384.0	55	56
0	463.5	383.0	55	56
0	461.0	382.5	54	57
0	459.5	380.5	55	57
0	458.0	379.5	54	57
0	456.0	376.5	54	57
0	455.0	376.0	54	56
0	453.0	373.5	54	57
0	451.0	371.0	54	58
0	449.0	369.0	54	58
0	447.5	368.5	55	59
0	445.0	367.5	56	59
0	443.5	365.5	55	59
0	441.5	363.0	55	60
0	437.5	362.0	55	58
0	433.5	359.5	55	59
0	430.5	358.5	55	57
0	425.5	357.0	55	58
0	419.0	357.5	54	59
0	414.5	356.0	55	58
0	410.5	356.0	55	58
0	405.5	356.0	55	58
0	402.0	355.0	56	58
0	398.5	355.0	55	58
0	396.0	355.0	56	58
0	391.5	356.0	55	58
0	388.5	357.0	55	58
0	386.5	358.0	55	58
0	384.5	358.5	55	57
0	382.0	361.0	56	58
0	379.0	361.5	56	57
0	377.0	364.0	56	58
0	375.0	366.0	56	58
0	373.0	370.0	56	58
0	373.0	372.0	56	58
0	370.5	375.0	55	58
0	368.5	379.0	55	58
0	367.5	382.5	55	59
0	365.5	386.0	55	58
0	363.0	388.0	56	58
0	360.0	391.5	56	59
0	356.0	395.5	56	59
0	353.0	399.0	56	58
0	349.0	403.5	56	59
0	347.0	407.5	56	59
0	344.0	410.0	56	58
0	342.0	414.5	56	59
0	340.0	417.0	56	58
0	339.0	420.0	56	58
0	338.0	422.0	56	58
0	334.5	425.5	55	59
0	333.5	428.0	55	58
0	331.0	429.0	56	58
0	329.5	429.0	57	58
0	328.5	429.0	57	58
0	327.5	429.0	57	58
0	326.5	427.5	57	57
0	327.0	426.0	58	58
0	328.0	425.5	56	57
0	331.0	425.0	56	58
0	333.0	424.5	56	57
0	336.5	422.5	55	57
0	339.0	423.5	56	57
0	340.0	423.5	56	57
0	342.0	422.5	56	57
0	344.0	422.5	56	57
0	344.0	423.0	56	58
0	345.0	424.0	56	58
0	345.0	424.0	56	58
0	344.0	423.0	56	58
0	344.0	424.0	56	58
0	343.0	423.0	56	58
0	342.5	425.0	55	58
0	344.5	425.0	55	58
0	346.5	425.0	55	58
0	349.5	424.5	55	59
0	357.5	423.0	55	58
0	364.5	422.0	55	58
0	368.0	421.0	54	58
0	370.0	419.5	54	57
0	373.0	416.5	54	57
0	375.0	413.0	54	58
0	377.0	411.5	54	57
0	379.0	407.0	54	58
0	380.0	404.5	54	57
0	381.5	403.0	55	58
0	382.0	402.0	54	58
0	383.0	400.5	54	57
0	384.0	400.5	54	57
0	385.0	400.5	54	57
0	386.0	402.0	54	58
0	386.0	401.5	54	57
0	387.0	402.0	54	58
0	387.0	405.0	54	58
0	386.0	405.5	54	57
0	384.0	407.0	54	58
0	382.0	408.0	54	58
0	380.5	408.0	55	58
0	378.0	410.0	54	58
0	375.5	410.0	55	58
0	373.5	408.5	55	57
0	372.0	408.5	54	57
0	372.0	407.5	54	57
0	371.5	408.0	55	58
0	372.0	406.5	54	57
0	373.0	406.5	54	57
0	374.0	408.0	54	58
0	377.0	407.0	54	58
0	380.0	408.0	54	58
0	384.5	407.5	53	57
0	392.5	408.0	53	58
0	397.5	406.5	53	57
0	403.0	407.5	52	57
0	405.0	407.5	52	57
0	407.5	406.5	53	57
0	411.0	406.5	52	57
0	415.0	405.5	52	57
0	420.0	405.0	52	58
0	427.0	403.5	52	57
0	434.0	403.5	52	57
0	440.0	402.5	52	57
0	450.0	401.0	52	56
0	452.0	401.0	52	56
0	454.0	400.0	52	56
0	456.0	400.0	52	56
0	456.0	399.0	52	56
0	456.0	400.0	52	56
0	455.5	399.0	53	56
0	452.5	399.0	53	56
0	450.5	399.0	53	56
0	448.5	399.5	53	57
0	443.5	401.0	53	58
0	440.5	401.5	53	57
0	437.5	404.0	53	58
0	433.5	404.5	53	57
0	429.5	407.0	53	58
0	425.0	406.5	54	57
0	422.0	407.0	54	58
0	416.5	409.0	53	58
0	412.0	409.0	54	58
0	408.0	409.5	54	57
0	404.0	411.0	54	58
0	398.5	411.0	55	58
0	392.5	411.0	55	58
0	384.0	412.0	54	58
0	375.5	411.0	55	58
0	365.5	411.0	55	58
0	357.0	411.5	56	59
0	349.0	413.0	56	58
0	340.0	414.5	56	59
0	334.5	415.0	57	58
0	328.5	417.5	57	59
0	321.5	419.0	57	58
0	311.0	418.5	56	59
0	301.5	419.5	57	59
0	290.0	420.0	58	58
0	279.0	420.0	58	58
0	269.5	420.0	59	60
0	260.0	420.5	58	59
0	253.5	419.5	59	59
0	247.0	420.5	60	59
0	240.5	420.0	59	60
0	237.0	421.5	60	59
0	232.0	421.0	60	60
0	227.5	422.0	59	60
0	224.0	423.0	60	60
0	219.5	423.5	59	59
0	216.5	425.0	59	60
0	214.5	426.5	59	59
0	214.5	427.0	59	58
0	215.5	428.5	59	59
0	217.5	429.5	59	59
0	218.5	428.5	59	59
0	221.0	429.0	58	58
0	223.5	427.0	59	58
0	226.0	426.0	58	58
0	228.5	426.0	57	58
0	232.5	424.0	57	58
0	236.5	422.0	57	58
0	238.5	421.0	57	58
0	241.0	418.5	58	57
0	242.5	416.5	57	57
0	244.0	415.0	58	58
0	244.5	413.0	57	58
0	243.5	413.0	57	58
0	243.5	413.0	57	58
0	244.5	411.0	57	58
0	244.5	411.0	57	58
0	245.0	413.0	56	58
0	245.5	412.0	57	58
0	246.0	413.0	56	58
0	247.5	412.0	57	58
0	247.0	413.0	56	58
0	247.5	412.0	57	58
0	248.0	412.5	56	59
0	248.0	413.0	56	58
0	247.0	413.0	56	58
0	248.0	414.0	56	58
0	250.5	414.0	57	58
0	251.0	414.0	56	58
0	251.0	416.0	56	58
0	252.0	415.0	56	58
0	252.0	416.5	56	57
0	253.5	416.5	57	57
0	253.0	416.5	56	57
0	254.0	416.5	56	57
0	255.0	415.5	56	57
0	257.0	414.5	56	57
0	259.0	415.5	56	57
0	260.0	414.5	56	57
0	262.0	414.5	56	57
0	263.5	414.5	55	57
0	266.0	413.5	56	57
0	268.0	413.5	56	57
0	268.5	413.0	55	56
0	270.5	412.5	55	57
0	271.5	411.5	55	57
0	273.5	410.5	55	57
0	273.5	409.5	55	57
0	274.5	408.5	55	57
0	275.5	407.5	55	57
0	277.5	406.5	55	57
0	278.5	404.5	55	57
0	279.5	404.5	55	57
0	280.5	406.0	55	58
0	281.5	404.5	55	57
0	283.5	404.5	55	57
0	284.5	404.5	55	57
0	285.5	403.5	55	57
0	286.5	403.5	55	57
0	288.0	403.5	56	57
0	287.5	403.5	55	57
0	289.0	402.5	56	57
0	288.0	403.5	56	57
0	287.0	402.5	56	57
0	287.0	402.5	56	57
0	285.0	402.0	56	58
0	282.0	402.0	56	58
0	281.0	402.5	56	57
0	278.5	403.0	57	58
0	275.5	403.0	57	58
0	273.0	404.0	56	58
0	268.5	404.0	57	58
0	266.0	405.0	56	58
0	262.5	405.0	57	58
0	259.5	405.0	57	58
0	256.5	406.0	57	58
0	253.0	405.5	58	59
0	249.0	404.5	58	59
0	245.0	403.5	58	59
0	244.0	403.5	58	59
0	240.5	402.5	57	59
0	241.0	401.0	58	58
0	239.5	401.0	57	58
0	239.0	400.0	58	58
0	238.5	400.0	57	58
0	238.5	401.0	57	58
0	236.5	399.0	57	58
0	236.5	399.0	57	58
0	234.5	399.5	57	59
0	232.5	401.5	57	59
0	229.5	403.5	57	59
0	225.0	406.0	58	60
0	221.0	405.5	58	59
0	217.5	406.5	59	59
0	215.0	406.5	58	59
0	212.0	406.5	58	59
0	210.0	407.0	58	58
0	208.5	405.5	59	59
0	209.0	406.0	58	58
0	210.0	405.0	58	58
0	213.0	404.5	58	59
0	216.5	404.5	57	59
0	222.5	403.5	57	59
0	235.5	402.0	57	58
0	248.5	401.0	57	58
0	261.0	399.5	56	57
0	271.0	397.5	56	57
0	279.0	395.5	56	57
0	284.5	394.0	55	58
0	288.0	391.5	56	57
0	290.0	390.5	56	57
0	293.0	389.5	56	57
0	293.0	388.5	56	57
0	294.0	387.5	56	57
0	294.0	389.5	56	57
0	295.0	388.5	56	57
0	294.5	390.5	55	57
0	296.0	391.5	56	57
0	296.0	391.5	56	57
0	298.0	392.5	56	57
0	298.0	392.5	56	57
0	298.0	391.5	56	57
0	299.5	392.5	55	57
0	299.5	392.5	55	57
0	301.5	393.5	55	57
0	301.5	392.5	55	57
0	301.5	392.5	55	57
0	301.5	393.5	55	57
0	300.5	395.0	55	58
0	300.0	396.5	54	57
0	300.0	399.0	54	58
0	299.5	397.5	55	57
0	299.0	399.5	54	57
0	299.5	400.5	55	57
0	299.5	401.5	55	57
0	300.5	403.0	55	56
0	301.5	403.5	55	57
0	304.0	404.5	56	57
0	304.0	405.5	54	57
0	305.0	408.0	54	58
0	306.0	408.5	54	57
0	307.0	409.0	54	56
0	307.0	412.0	54	58
0	308.0	413.5	54	57
0	308.0	414.5	54	57
0	308.0	415.5	54	57
0	309.0	417.5	54	57
0	308.0	418.5	54	57
0	308.0	421.0	54	58
0	307.0	423.0	54	58
0	306.0	425.5	54	57
0	305.0	428.0	54	58
0	303.0	429.5	54	57
0	301.0	432.0	54	58
0	299.0	434.0	54	58
0	297.0	436.0	54	58
0	293.5	438.0	55	58
0	289.5	438.0	55	58
0	286.0	438.5	56	59
0	281.5	438.0	55	58
0	276.0	439.5	56	59
0	270.5	438.5	55	59
0	265.5	438.5	55	59
0	261.5	438.5	55	59
0	258.5	437.5	55	57
0	254.0	436.0	56	58
0	253.0	434.0	56	58
0	251.5	433.5	55	57
0	251.5	431.5	55	57
0	252.0	430.5	54	57
0	254.0	428.5	54	57
0	258.5	426.0	53	56
0	270.0	425.0	54	56
0	284.5	423.0	53	56
0	299.0	420.5	52	57
0	311.0	417.5	52	57
0	324.0	415.0	52	56
0	333.0	410.5	52	57
0	340.0	408.0	52	56
0	344.0	405.0	52	56
0	345.5	402.5	51	57
0	348.0	400.0	52	56
0	348.5	397.0	51	56
0	349.5	395.0	51	56
0	350.0	393.0	52	56
0	350.0	393.5	52	57
0	350.5	391.5	51	57
0	352.0	392.5	52	57
0	352.5	392.5	51	57
0	354.5	391.5	51	57
0	356.5	392.5	51	57
0	357.5	392.5	51	57
0	360.0	393.5	50	57
0	362.0	393.5	50	57
0	365.0	394.5	50	57
0	367.0	393.5	50	55
0	371.0	395.0	50	56
0	374.0	395.0	50	56
0	379.0	396.0	50	56
0	385.0	396.0	50	56
0	393.0	396.5	50	57
0	400.0	396.5	50	55
0	408.0	397.5	50	57
0	414.0	397.0	50	54
0	420.0	399.0	50	56
0	426.0	399.0	50	54
0	431.5	399.5	49	55
0	436.5	399.5	49	55
0	442.5	402.0	49	56
0	447.5	401.0	49	54
0	451.0	401.5	48	55
0	454.0	401.5	48	55
0	458.0	402.5	48	55
0	461.0	403.0	48	54
0	466.0	403.5	48	55
0	471.5	404.5	49	55
0	475.0	405.5	48	55
0	479.5	406.5	49	55
0	484.0	406.5	48	55
0	489.0	408.0	48	54
0	494.0	409.5	48	55
0	497.0	410.5	48	55
0	500.0	411.5	48	55
0	503.0	413.5	48	55
0	505.0	415.5	48	55
0	508.0	416.5	48	55
0	511.0	417.5	48	55
0	514.5	419.5	47	55
0	517.0	420.0	48	56
0	519.0	422.5	48	55
0	522.0	423.5	48	55
0	524.0	424.5	48	55
0	526.5	425.5	47	55
0	529.0	425.5	48	55
0	531.0	426.5	48	55
0	534.0	428.5	48	55
0	538.0	427.0	48	54
0	539.0	428.5	48	55
0	541.5	428.0	47	54
0	544.5	428.5	47	55
0	547.0	429.0	48	54
0	550.5	431.5	47	55
0	553.0	431.0	48	54
0	555.5	431.0	47	54
0	558.5	432.0	47	54
0	561.5	433.5	47	55
0	564.5	433.0	47	54
0	567.5	435.0	47	54
0	569.5	436.0	47	54
0	571.5	437.0	47	54
0	574.5	439.0	47	54
0	576.5	441.0	47	54
0	579.5	441.0	47	54
0	581.5	443.0	47	54
0	585.5	444.0	47	54
0	587.5	445.0	47	54
0	588.5	446.0	47	54
0	590.5	447.0	47	54
0	591.5	448.0	47	54
0	591.5	449.5	47	53
0	593.0	448.5	48	53
0	593.0	450.5	48	53
0	592.0	451.0	48	54
0	592.0	452.0	48	54
0	591.0	452.0	48	54
0	591.0	452.0	48	54
0	590.0	453.0	48	54
0	589.0	452.5	48	53
0	587.0	453.0	48	54
0	586.0	453.0	48	54
0	585.0	452.5	48	53
0	583.0	453.0	48	54
0	580.0	452.5	48	53
0	577.0	453.5	48	55
0	573.0	454.5	48	55
0	569.0	453.0	48	54
0	563.0	455.0	48	56
0	558.0	454.5	48	55
0	550.5	454.5	49	55
0	544.5	455.0	49	56
0	534.0	455.5	48	55
0	528.5	455.5	49	55
0	522.5	456.5	49	55
0	515.5	456.5	49	55
0	507.5	456.5	49	55
0	500.5	458.0	49	56
0	491.5	457.5	49	55
0	483.5	458.0	49	56
0	475.0	458.5	50	57
0	468.0	458.5	50	55
0	460.0	459.5	50	57
0	451.0	460.5	50	57
0	441.0	459.5	50	55
0	429.5	460.0	51	56
0	419.0	462.0	50	56
0	408.5	462.0	51	56
0	399.0	462.5	50	57
0	390.5	462.5	51	57
0	380.5	463.5	51	57
0	370.5	463.0	51	56
0	360.5	463.5	51	57
0	351.0	465.5	52	57
0	343.0	464.5	52	57
0	334.5	466.5	51	59
0	326.0	465.5	52	57
0	317.0	466.0	52	58
0	307.5	465.5	53	57
0	298.5	468.5	53	59
0	289.5	467.0	53	58
0	280.5	468.5	53	59
0	272.0	468.5	54	59
0	264.5	467.0	55	58
0	259.5	467.0	55	58
0	253.0	468.5	56	59
0	248.0	468.5	56	59
0	243.0	468.0	56	58
0	237.0	470.5	56	59
0	231.0	468.5	56	59
0	225.5	470.5	57	59
0	219.5	469.5	57	59
0	215.0	470.0	58	58
0	210.5	470.0	57	58
0	205.0	471.5	58	59
0	200.5	472.0	57	58
0	196.0	472.5	58	59
0	191.5	472.0	57	58
0	188.5	473.0	57	58
0	185.0	474.0	58	58
0	180.0	473.5	58	59
0	176.0	474.0	58	58
0	171.5	475.5	59	59
0	168.0	474.0	58	58
0	164.0	475.0	58	58
0	161.0	473.5	58	59
0	157.0	473.5	58	59
0	154.0	474.0	58	58
0	150.5	472.5	59	59
0	148.0	473.0	58	58
0	144.0	473.5	58	59
0	138.5	472.5	59	59
0	134.5	472.5	59	59
0	131.0	472.0	58	58
0	127.5	471.5	59	59
0	126.5	470.5	59	59
0	123.5	470.5	59	59
0	121.5	470.5	59	59
0	119.5	469.5	59	59
0	118.0	470.5	58	59
0	117.5	470.0	59	58
0	116.5	470.0	59	58
0	114.5	472.0	59	58
0	114.5	471.5	59	59
0	112.5	473.0	59	60
0	111.5	472.5	59	59
0	109.5	472.5	59	59
0	108.0	473.5	60	61
0	106.0	473.5	60	61
0	105.5	473.0	61	60
0	103.5	473.0	61	60
0	102.5	471.5	59	59
0	101.5	470.5	59	59
0	102.0	470.5	58	57
0	102.0	470.0	58	58
0	101.5	469.0	57	58
0	102.5	468.5	57	59
0	102.0	468.0	58	58
0	104.0	468.0	58	58
0	105.0	467.0	58	58
0	106.0	466.5	58	57
0	108.0	465.0	58	58
0	109.5	464.0	57	58
0	111.0	464.0	58	58
0	110.5	463.0	57	58
0	112.0	462.5	58	57
0	112.5	462.0	57	58
0	115.0	461.5	58	59
0	117.0	463.0	58	58
0	119.0	460.0	58	58
0	119.5	460.5	57	59
0	122.0	460.0	58	58
0	122.0	460.0	58	58
0	124.0	460.0	58	58
0	125.0	460.5	58	59
0	127.0	459.5	58	59
0	129.0	459.5	58	59
0	129.0	461.0	58	58
0	129.5	459.0	57	58
0	129.0	459.0	58	58
0	130.0	459.0	58	58
0	130.0	460.0	58	58
0	131.0	459.0	58	58
0	132.5	460.0	59	58
0	132.0	459.0	58	58
0	133.0	459.5	58	57
0	134.0	459.0	58	58
0	134.0	460.5	58	57
0	134.5	459.0	57	58
0	134.0	459.0	58	58
0	133.5	458.0	57	58
0	133.5	457.0	57	58
0	132.5	456.5	57	57
0	132.5	455.5	57	57
0	132.0	456.0	58	58
0	130.5	455.0	57	58
0	131.0	455.0	58	58
0	131.0	456.0	58	58
0	130.5	455.0	57	58
0	132.0	455.0	58	58
0	131.0	457.0	58	58
0	132.0	458.0	58	58
0	132.0	458.0	58	58
0	132.0	460.0	58	58
0	132.0	460.0	58	58
0	131.0	462.0	58	58
0	131.0	462.5	58	57
0	130.0	465.0	58	58
0	131.0	464.0	58	58
0	131.0	466.0	58	58
0	131.5	466.5	59	57
0	131.5	468.5	59	57
0	131.0	468.0	58	58
0	130.5	469.0	59	58
0	130.0	470.0	58	58
0	128.5	470.5	59	57
0	127.0	470.0	58	58
0	125.5	471.0	59	58
0	123.5	469.5	59	59
0	120.0	469.0	60	60
0	116.5	468.5	59	59
0	114.5	468.5	59	59
0	111.0	468.0	60	60
0	109.0	467.5	60	59
0	107.0	466.5	60	59
0	105.0	467.5	60	59
0	103.0	467.5	60	59
0	101.0	466.5	60	59
0	98.0	466.5	60	59
0	96.0	466.5	60	59
0	93.0	467.5	60	59
0	89.5	466.0	61	60
0	87.0	467.5	60	59
0	83.5	467.5	61	61
0	80.5	469.0	61	58
0	78.5	470.5	61	59
0	75.5	471.5	61	59
0	73.0	471.0	62	60
0	69.5	474.0	61	60
0	66.0	474.0	62	60
0	61.5	475.0	61	60
0	58.0	475.0	62	60
0	53.0	474.5	62	61
0	50.5	476.0	63	60
0	48.5	476.5	63	59
0	45.5	475.0	63	60
0	43.5	475.0	63	60
0	42.0	473.5	64	59
0	42.0	473.0	64	60
0	40.5	471.5	63	59
0	41.0	470.5	64	59
0	41.0	467.5	64	59
0	40.5	464.5	63	59
0	42.5	462.0	63	60
0	43.0	459.0	64	60
0	45.5	457.0	63	60
0	49.5	453.5	63	59
0	53.0	450.5	62	59
0	57.5	447.5	63	59
0	61.5	446.0	61	60
0	66.5	444.0	61	60
0	72.5	443.5	61	59
0	83.0	442.5	60	59
0	93.0	441.5	60	59
0	101.5	442.0	59	60
0	111.5	442.5	59	59
0	121.0	442.5	58	59
0	128.5	443.5	59	59
0	135.0	443.0	58	60
0	141.0	443.5	58	59
0	144.5	444.0	57	58
0	149.5	443.5	57	59
0	155.5	443.0	57	58
0	162.5	444.5	57	59
0	171.5	444.5	57	59
0	180.0	446.5	56	59
0	187.0	447.5	56	59
0	192.0	448.0	56	58
0	195.0	447.0	56	58
0	198.0	447.0	56	58
0	202.0	446.0	56	58
0	204.0	447.0	56	58
0	208.5	446.0	55	58
0	211.0	446.5	56	57
0	213.0	447.5	56	57
0	216.0	448.5	56	57
0	218.0	448.5	56	57
0	220.0	449.5	56	57
0	222.0	449.5	56	57
0	223.0	450.5	56	57
0	225.5	450.5	55	57
0	227.0	451.0	56	58
0	229.0	450.5	56	57
0	230.0	449.5	56	57
0	232.0	449.5	56	57
0	232.5	449.5	55	57
0	236.0	449.5	56	57
0	236.5	450.0	57	58
0	239.5	449.5	57	59
0	242.0	449.0	56	58
0	244.0	448.5	56	57
0	246.5	447.5	55	57
0	249.5	446.5	55	57
0	250.5	446.5	55	57
0	253.0	443.5	54	57
0	251.5	441.5	57	59
0	253.0	439.0	56	58
0	257.0	437.5	54	57
0	257.5	434.5	55	57
0	257.5	432.5	55	57
0	256.5	430.0	55	58
0	256.5	427.5	55	57
0	256.5	426.0	55	58
0	256.5	423.5	55	57
0	256.5	421.5	55	57
0	257.5	420.0	55	58
0	256.5	417.0	55	58
0	258.0	416.5	56	57
0	257.5	413.0	55	58
0	257.5	410.5	55	57
0	258.0	408.0	56	58
0	257.5	407.5	55	57
0	257.5	407.0	55	58
0	257.0	405.0	56	58
0	255.0	403.0	56	58
0	253.0	402.5	56	57
0	251.0	402.0	56	58
0	248.0	402.0	56	58
0	246.5	402.0	57	58
0	242.0	403.5	56	59
0	238.5	403.5	57	59
0	230.5	401.5	57	59
0	225.5	403.0	57	60
0	222.5	402.0	57	58
0	220.0	402.5	58	59
0	217.5	404.0	57	58
0	214.5	405.5	57	59
0	212.5	407.0	57	58
0	207.5	412.0	57	60
0	205.5	414.0	57	58
0	201.5	417.5	57	59
0	198.0	420.5	58	61
0	194.5	421.5	59	59
0	190.0	425.0	58	60
0	186.0	428.0	58	60
0	182.5	431.5	59	61
0	177.5	434.5	59	61
0	173.0	437.0	60	60
0	169.0	441.5	60	61
0	165.0	444.0	60	60
0	163.0	446.0	60	58
0	160.0	446.5	60	59
0	157.5	448.5	59	59
0	154.5	450.5	61	59
0	151.5	450.5	61	59
0	148.5	451.0	61	60
0	147.5	451.5	61	59
0	146.5	450.5	61	59
0	145.5	451.5	61	59
0	144.5	448.5	61	59
0	142.5	446.5	61	59
0	141.5	444.5	61	59
0	139.0	443.0	62	60
0	139.0	440.5	62	59
0	138.0	437.0	62	60
0	137.0	435.0	62	60
0	137.0	431.0	62	60
0	137.5	429.0	63	60
0	138.0	425.0	62	60
0	139.0	422.0	62	60
0	142.0	419.0	62	60
0	143.5	417.0	61	60
0	146.5	413.0	61	60
0	148.5	408.5	61	59
0	151.0	404.0	60	60
0	154.5	400.5	61	59
0	157.0	396.0	60	60
0	160.0	391.0	60	60
0	163.0	386.0	60	60
0	166.0	381.5	60	59
0	169.0	378.5	60	59
0	173.0	374.0	60	60
0	177.0	370.0	60	60
0	180.0	367.0	60	60
0	184.0	365.0	60	60
0	189.5	362.0	59	60
0	197.5	359.0	59	60
0	209.0	360.0	58	60
0	218.5	359.0	59	60
0	227.0	360.0	58	60
0	233.0	360.0	58	60
0	241.0	362.0	58	60
0	247.5	362.0	57	60
0	256.5	364.0	57	60
0	263.0	363.5	56	61
0	269.5	365.5	57	59
0	274.0	364.5	56	59
0	278.0	366.5	56	59
0	284.0	365.0	56	60
0	290.0	367.0	56	60
0	297.5	366.5	55	59
0	306.0	367.0	56	60
0	311.5	369.5	55	59
0	318.5	368.5	55	59
0	322.5	371.0	55	60
0	325.5	369.5	55	59
0	328.5	371.0	55	60
0	332.5	369.5	55	59
0	336.5	370.0	55	60
0	339.5	370.5	55	59
0	342.5	370.0	55	60
0	346.5	370.5	55	59
0	348.5	371.0	55	60
0	350.5	370.5	55	59
0	354.5	372.0	55	60
0	355.5	371.5	55	59
0	357.5	373.5	55	59
0	360.5	374.5	55	59
0	362.0	377.5	54	59
0	364.5	376.5	55	59
0	367.0	381.0	54	60
0	369.0	383.0	54	58
0	370.5	385.5	55	59
0	371.0	389.5	58	63
0	372.5	391.5	59	61
0	369.5	393.5	57	61
0	370.0	397.5	58	61
0	368.5	400.0	55	58
0	370.0	402.5	56	59
0	369.5	404.5	55	57
0	369.0	408.5	54	59
0	369.0	412.5	54	59
0	369.5	415.0	55	58
0	365.5	414.0	57	60
0	367.0	417.0	56	60
0	367.5	421.5	55	59
0	366.5	422.5	55	57
0	365.0	423.0	56	58
0	364.0	424.0	56	58
0	364.0	422.5	56	57
0	364.0	424.0	56	58
0	363.0	424.5	56	57
0	364.0	426.0	56	58
0	364.0	426.5	56	57
0	363.5	428.0	55	58
0	362.5	426.0	55	58
0	363.5	426.5	55	57
0	363.5	424.0	55	58
0	365.0	423.5	56	57
0	365.0	423.0	56	58
0	364.0	422.0	56	58
0	366.0	419.5	56	57
0	367.0	419.0	56	58
0	368.0	419.0	56	58
0	369.0	417.0	56	58
0	370.0	416.5	56	57
0	372.0	415.5	56	57
0	374.0	414.0	56	58
0	375.0	412.5	56	57
0	377.0	412.5	56	57
0	377.5	412.0	55	58
0	379.0	409.5	56	57
0	378.5	408.0	55	58
0	379.0	407.0	56	58
0	380.0	407.0	56	58
0	380.0	406.0	56	58
0	379.0	404.0	56	58
0	378.5	403.0	57	58
0	376.5	402.0	57	58
0	375.5	401.0	57	58
0	374.5	402.0	57	58
0	373.5	400.0	57	58
0	372.5	400.0	57	58
0	370.0	402.5	56	59
0	368.0	403.0	56	58
0	365.5	403.5	57	59
0	364.0	405.5	56	59
0	362.0	406.0	56	58
0	359.0	408.5	56	59
0	356.5	407.5	57	59
0	353.0	409.5	56	59
0	350.0	409.5	56	59
0	348.5	411.5	57	59
0	346.5	411.5	57	59
0	344.5	413.5	57	59
0	341.5	413.5	57	59
0	339.5	416.0	57	60
0	335.5	416.5	57	59
0	332.5	418.5	57	59
0	328.0	419.0	58	60
0	324.0	421.5	58	61
0	318.5	421.0	59	60
0	309.5	423.5	59	61
0	301.5	424.0	59	60
0	294.0	426.5	60	61
0	286.0	428.5	60	61
0	279.5	430.0	61	60
0	272.5	431.5	61	61
0	266.5	432.0	61	60
0	262.5	433.0	61	60
0	258.5	434.0	61	60
0	254.0	434.5	62	61
0	250.0	434.5	62	61
0	245.0	434.5	62	61
0	239.0	434.0	62	60
0	235.0	435.5	62	61
0	231.5	434.5	63	61
0	227.0	435.0	62	60
0	223.0	436.5	62	61
0	219.5	436.5	63	61
0	216.5	437.0	63	62
0	212.5	436.5	63	61
0	208.5	437.0	63	60
0	205.5	437.5	63	61
0	202.5	437.5	63	61
0	199.5	437.0	63	60
0	196.0	436.5	64	61
0	193.0	437.0	64	60
0	190.5	437.0	63	60
0	189.0	435.5	64	61
0	187.0	435.5	64	61
0	184.0	435.0	64	62
0	182.0	435.0	64	62
0	181.0	434.5	64	61
0	180.0	434.0	64	62
0	179.0	433.0	64	62
0	177.0	432.0	64	62
0	175.5	432.5	63	61
0	173.5	432.0	63	62
0	172.0	431.0	64	62
0	170.5	430.5	63	61
0	170.0	432.5	64	63
0	168.0	432.5	64	63
0	168.0	430.5	64	61
0	167.0	431.0	64	62
0	166.0	431.0	64	62
0	164.0	430.0	64	62
0	163.0	430.0	64	62
0	162.5	430.0	65	62
0	161.0	431.0	66	64
0	162.0	430.5	66	65
0	162.5	429.5	65	63
0	163.5	430.5	65	63
0	165.0	432.0	64	62
0	164.5	432.0	65	62
0	166.0	432.5	64	61
0	165.5	435.0	63	62
0	166.5	436.0	65	62
0	166.0	436.5	64	61
0	165.0	437.0	64	62
0	163.5	437.0	65	62
0	161.5	437.0	65	62
0	160.0	437.0	66	62
0	158.5	436.0	65	62
0	157.0	435.5	66	63
0	157.5	434.0	67	62
0	157.0	433.0	66	62
0	156.5	432.5	67	61
0	158.0	430.5	66	61
0	158.5	428.0	67	62
0	160.5	425.0	67	62
0	161.0	423.5	66	61
0	163.5	421.5	65	61
0	164.5	418.5	65	61
0	167.5	416.0	65	62
0	170.0	414.5	66	61
0	173.5	412.0	63	62
0	177.5	409.5	63	61
0	182.0	409.0	62	62
0	190.0	407.5	64	61
0	199.5	406.0	63	62
0	208.0	404.5	62	61
0	214.5	404.5	63	61
0	222.0	403.0	62	62
0	229.0	402.0	62	60
0	235.5	400.5	61	61
0	241.0	399.5	60	61
0	245.5	398.5	61	61
0	250.0	397.5	60	61
0	254.0	396.0	60	60
0	261.0	397.0	60	60
0	266.5	396.0	59	60
0	275.0	396.5	60	61
0	284.0	397.0	60	60
0	292.0	397.0	60	60
0	301.0	395.0	60	60
0	307.0	394.0	58	60
0	313.5	394.0	59	60
0	319.5	392.0	59	60
0	326.5	392.0	59	60
0	331.5	391.0	59	60
0	334.5	389.5	59	59
0	336.0	388.0	60	58
0	340.5	387.5	59	59
0	343.0	387.5	58	59
0	345.5	390.0	59	60
0	351.0	391.5	58	59
0	356.0	393.5	58	59
0	360.0	395.5	58	59
0	363.0	397.0	58	58
0	365.0	398.5	58	59
0	367.5	399.0	59	58
0	369.0	401.5	58	59
0	370.0	402.0	58	58
0	371.0	403.5	58	59
0	372.0	404.5	58	59
0	373.0	404.5	58	59
0	373.0	403.0	58	58
0	375.5	403.5	59	59
0	376.5	404.5	59	59
0	378.0	404.5	58	59
0	378.0	404.5	58	59
0	378.0	402.5	58	59
0	379.0	402.0	58	58
0	378.5	400.5	59	59
0	377.5	399.0	59	58
0	376.0	397.5	60	59
0	374.5	394.5	59	59
0	373.5	392.0	59	60
0	372.0	389.5	60	59
0	370.0	386.0	60	60
0	370.0	383.5	60	59
0	370.0	381.5	60	59
0	369.0	380.0	60	60
0	369.0	377.5	60	59
0	369.5	375.5	59	59
0	369.5	374.0	59	60
0	370.5	372.0	59	60
0	370.0	371.0	58	60
0	370.5	371.0	59	60
0	371.5	371.0	59	60
0	370.5	372.0	59	60
0	371.0	374.0	58	60
0	371.0	376.0	58	60
0	369.0	376.0	58	60
0	368.0	378.0	58	60
0	365.0	378.5	58	59
0	363.5	380.5	59	61
0	359.5	381.0	59	60
0	357.5	381.0	59	60
0	352.5	382.5	59	61
0	350.0	385.5	58	61
0	347.5	387.0	59	60
0	345.0	389.5	58	61
0	343.0	393.5	58	61
0	342.0	397.5	58	61
0	343.0	401.5	58	61
0	342.5	403.0	59	60
0	341.0	405.0	58	60
0	340.0	408.5	58	61
0	337.5	411.5	59	61
0	336.0	412.0	60	60
0	332.5	414.0	59	60
0	329.5	413.0	61	60
0	326.0	416.5	60	61
0	324.0	418.0	60	60
0	321.0	419.0	60	60
0	318.5	419.0	61	60
0	316.5	421.5	61	61
0	314.5	420.5	61	61
0	311.5	422.0	61	60
0	309.0	420.5	62	61
0	306.5	419.5	61	61
0	304.5	419.5	61	61
0	301.5	417.5	61	61
0	300.0	415.0	62	62
0	297.5	413.5	61	61
0	295.5	412.5	61	61
0	293.5	410.5	61	61
0	291.0	409.5	62	61
0	288.0	407.0	62	62
0	286.0	405.5	62	61
0	281.5	402.0	63	62
0	280.5	400.0	63	62
0	278.5	399.0	63	62
0	277.5	395.0	63	62
0	275.5	393.0	63	62
0	273.5	389.5	63	63
0	272.5	386.0	63	62
0	271.5	381.5	63	63
0	271.5	378.0	63	62
0	270.5	372.5	63	63
0	271.0	370.0	62	62
0	272.0	365.0	62	62
0	272.5	362.0	63	62
0	273.5	359.5	63	61
0	275.0	357.5	62	61
0	276.0	356.5	62	61
0	278.0	354.5	62	61
0	280.0	354.5	62	61
0	282.0	353.5	62	61
0	283.0	353.5	62	61
0	285.0	355.5	62	61
0	286.5	355.5	61	61
0	290.5	356.5	61	61
0	295.5	357.5	61	61
0	297.5	357.0	61	60
0	301.0	357.5	60	61
0	304.5	356.0	61	60
0	307.0	355.0	60	60
0	311.0	354.5	60	61
0	314.5	353.0	59	60
0	319.5	353.0	59	60
0	324.5	351.0	59	60
0	329.5	349.5	59	61
0	336.5	349.0	59	60
0	341.5	347.5	59	61
0	347.0	346.5	58	61
0	351.0	345.0	58	60
0	354.5	345.0	59	60
0	359.0	344.0	58	60
0	363.5	343.0	59	60
0	368.0	343.5	58	61
0	373.0	343.5	58	61
0	377.0	343.0	58	60
0	381.0	342.0	58	60
0	385.0	342.0	58	60
0	389.0	342.5	58	61
0	392.0	341.0	58	60
0	396.0	342.0	58	60
0	400.0	341.0	58	60
0	402.5	342.0	59	60
0	405.0	341.0	58	60
0	408.0	342.5	58	61
0	410.0	342.5	58	61
0	412.0	343.0	58	60
0	413.0	344.5	58	59
0	413.0	346.0	58	60
0	413.0	348.0	58	60
0	413.0	349.0	58	58
0	413.0	351.0	58	60
0	412.0	353.0	58	60
0	411.0	356.0	58	60
0	410.0	358.5	58	61
0	410.0	360.0	58	60
0	409.5	362.5	59	61
0	410.0	365.5	58	61
0	410.0	367.0	58	60
0	411.0	370.5	58	61
0	412.0	371.0	58	60
0	413.0	372.0	58	60
0	415.0	374.5	58	61
0	415.0	375.0	58	60
0	416.0	378.5	58	61
0	417.0	379.0	58	60
0	419.0	382.5	58	61
0	421.0	383.0	58	60
0	423.0	385.0	58	60
0	425.5	386.0	57	60
0	434.5	387.0	57	60
0	442.0	388.5	58	61
0	451.5	388.0	57	60
0	457.5	390.0	57	60
0	466.0	390.0	58	60
0	471.5	389.0	57	60
0	476.5	390.0	57	60
0	479.5	390.0	57	60
0	483.0	390.5	56	61
0	486.5	390.0	57	60
0	488.5	391.0	57	60
0	490.5	393.0	57	60
0	493.5	392.0	57	60
0	495.5	393.5	57	61
0	497.0	393.0	58	60
0	499.0	394.0	58	60
0	501.5	394.0	57	60
0	503.5	395.0	57	60
0	506.5	395.0	57	60
0	507.5	396.0	57	60
0	510.5	396.5	57	59
0	512.5	397.0	57	60
0	514.5	398.0	57	60
0	517.5	397.0	57	60
0	518.5	399.5	59	63
0	521.0	398.0	60	62
0	522.0	396.0	58	60
0	523.0	396.5	58	61
0	524.5	394.5	57	59
0	524.5	393.5	57	59
0	524.5	392.5	57	59
0	524.0	390.5	58	59
0	523.0	389.0	58	60
0	522.0	388.0	58	60
0	521.0	388.5	58	59
0	519.0	387.5	58	59
0	518.0	388.0	58	60
0	516.0	387.0	58	60
0	513.0	387.0	58	60
0	510.0	387.0	58	60
0	507.0	388.0	58	60
0	502.5	388.0	59	60
0	498.0	388.0	58	60
0	489.0	389.5	58	61
0	482.5	389.5	59	61
0	475.5	392.0	59	62
0	467.5	392.5	59	61
0	461.0	395.0	60	62
0	454.0	395.5	60	61
0	449.0	397.5	60	61
0	444.0	397.5	60	61
0	441.0	398.5	60	61
0	440.0	399.5	60	61
0	436.0	402.0	60	62
0	433.0	403.5	60	61
0	430.0	405.5	60	61
0	426.5	406.5	61	61
0	423.0	409.0	60	62
0	419.5	410.0	61	60
0	416.5	413.5	61	63
0	412.5	413.5	61	61
0	409.5	415.5	61	61
0	407.5	417.0	61	62
0	404.5	419.0	61	62
0	402.5	422.0	61	62
0	400.5	422.0	61	62
0	399.5	422.5	61	61
0	399.5	423.5	61	61
0	396.5	423.5	61	61
0	394.0	423.5	60	61
0	391.5	422.5	61	61
0	388.0	422.0	62	62
0	385.0	421.5	62	61
0	382.0	420.0	62	62
0	377.0	418.0	62	62
0	370.5	417.0	63	62
0	359.5	413.5	63	63
0	353.5	411.5	63	63
0	349.5	409.5	63	63
0	347.0	407.5	64	63
0	342.0	403.5	64	63
0	339.5	400.0	63	62
0	338.0	395.5	64	63
0	336.0	390.5	64	63
0	333.0	386.0	64	64
0	331.0	381.0	64	64
0	330.5	376.5	63	63
0	330.0	373.5	64	63
0	327.0	370.5	64	63
0	327.0	368.0	64	62
0	328.0	365.0	64	62
0	327.5	363.5	63	63
0	327.5	361.0	63	62
0	327.5	360.0	63	62
0	327.5	360.5	63	63
0	328.5	360.0	63	62
0	328.0	361.0	62	62
0	329.0	362.5	62	61
0	329.0	362.0	62	62
0	328.5	364.0	63	62
0	328.5	365.0	63	62
0	326.5	367.5	63	63
0	323.5	368.0	63	62
0	321.5	368.5	63	63
0	319.5	370.5	63	63
0	317.5	372.0	63	62
0	316.5	375.0	63	64
0	315.5	377.0	63	62
0	316.5	379.0	63	62
0	317.0	379.0	62	62
0	319.0	379.0	62	62
0	322.0	378.0	62	62
0	323.0	376.0	62	62
0	324.0	373.5	62	61
0	325.5	370.5	63	63
0	326.0	368.0	62	62
0	328.5	365.0	63	62
0	328.0	364.0	62	62
0	328.0	361.0	62	62
0	327.5	360.0	63	62
0	327.5	359.0	63	62
0	325.5	357.5	63	63
0	325.5	356.5	63	63
0	324.5	355.0	63	62
0	323.5	355.0	63	62
0	323.5	354.0	63	62
0	324.5	354.0	63	62
0	325.5	354.0	63	62
0	328.5	354.0	63	62
0	331.0	352.5	62	61
0	334.5	351.5	61	61
0	339.5	350.0	61	62
0	346.5	349.0	61	62
0	353.5	348.0	61	62
0	357.0	346.5	60	61
0	361.0	344.5	60	61
0	365.0	342.5	60	61
0	368.0	341.0	60	60
0	370.5	340.0	61	60
0	372.0	340.0	60	60
0	374.5	339.5	61	61
0	375.5	339.0	61	60
0	377.5	341.0	61	60
0	379.0	341.0	60	60
0	380.0	342.0	60	60
0	381.5	344.5	61	61
0	381.0	346.5	60	61
0	382.0	347.5	60	61
0	382.0	351.5	60	61
0	382.0	354.5	60	61
0	382.0	357.5	60	61
0	381.0	359.5	60	61
0	380.0	362.5	60	61
0	379.5	365.0	61	60
0	375.0	367.5	60	61
0	372.5	369.5	61	61
0	367.5	372.5	61	61
0	364.0	375.0	62	62
0	358.5	375.5	63	61
0	352.5	379.5	63	63
0	346.0	381.0	64	62
0	343.5	383.5	63	61
0	340.5	385.0	63	62
0	337.5	389.5	63	63
0	335.5	391.0	63	62
0	331.5	393.0	63	62
0	330.5	394.0	63	62
0	328.5	396.0	63	62
0	328.5	398.0	63	62
0	326.5	399.0	63	62
0	325.0	399.5	62	61
0	324.5	401.5	63	61
0	323.5	401.5	63	61
0	321.5	401.5	63	61
0	320.5	402.0	63	62
0	318.5	402.0	63	62
0	318.5	400.5	63	61
0	316.5	401.0	63	62
0	314.0	399.0	64	62
0	311.0	399.0	64	62
0	306.0	394.5	64	61
0	302.0	394.0	64	62
0	295.5	391.5	65	63
0	290.0	390.0	66	64
0	286.0	387.5	68	65
0	282.5	386.0	67	64
0	282.0	387.5	66	63
0	279.0	389.5	66	63
0	279.0	390.5	66	63
0	275.0	390.0	66	62
0	274.0	389.5	66	63
0	273.0	388.5	66	63
0	272.0	387.0	66	64
0	273.0	386.5	66	63
0	273.0	384.0	66	62
0	275.0	381.0	66	62
0	276.5	379.0	65	62
0	279.5	378.0	65	62
0	282.5	376.0	65	62
0	285.0	373.5	64	61
0	288.0	372.5	64	61
0	291.0	371.5	64	61
0	294.0	371.5	64	61
0	297.5	371.5	63	61
0	300.5	370.5	63	61
0	306.0	370.5	64	61
0	310.5	370.0	63	62
0	319.5	370.5	63	61
0	326.5	371.0	63	62
0	334.5	370.5	63	61
0	341.5	370.0	63	62
0	348.5	369.0	63	62
0	355.0	368.5	62	61
0	363.0	367.0	62	62
0	369.0	365.0	62	62
0	377.0	365.0	62	60
0	384.0	363.5	62	61
0	390.5	361.5	61	61
0	394.5	360.5	61	61
0	398.5	359.5	61	61
0	401.5	358.5	61	61
0	405.0	358.5	60	59
0	408.0	359.5	60	61
0	411.5	358.0	61	60
0	414.5	358.0	61	60
0	418.0	357.0	60	60
0	423.0	355.5	60	61
0	425.0	354.5	60	61
0	430.0	351.5	60	61
0	434.0	350.0	60	60
0	437.0	347.0	60	60
0	444.0	345.5	60	61
0	453.0	343.5	60	61
0	461.0	341.5	60	61
0	469.0	340.0	60	60
0	474.5	338.5	59	61
0	479.5	338.0	59	60
0	481.5	337.0	59	60
0	484.5	336.0	59	60
0	486.5	335.0	59	60
0	486.5	334.5	59	59
0	488.0	334.0	60	60
0	489.5	334.5	59	59
0	490.5	336.5	59	59
0	491.5	336.5	59	59
0	493.5	337.0	59	60
0	496.0	336.0	60	60
0	496.5	336.5	59	59
0	498.5	335.5	59	59
0	501.5	335.5	59	59
0	502.5	334.5	59	59
0	504.5	334.0	59	60
0	506.5	334.5	59	59
0	508.5	334.0	59	60
0	510.5	334.5	59	59
0	512.5	334.5	59	59
0	515.5	335.5	59	59
0	516.5	338.0	59	60
0	518.5	339.5	59	59
0	518.0	341.5	58	59
0	520.5	343.5	59	59
0	521.0	344.5	58	59
0	522.5	347.0	59	60
0	522.5	348.5	59	59
0	524.5	349.0	59	60
0	523.5	350.5	59	59
0	524.5	352.0	59	60
0	525.5	351.5	59	59
0	526.0	351.5	58	59
0	524.5	353.0	59	60
0	524.5	352.5	59	59
0	524.5	355.0	59	60
0	523.0	355.5	60	59
0	521.5	358.5	59	61
0	518.5	361.0	61	62
0	514.5	364.5	61	61
0	511.5	366.5	61	61
0	505.5	368.5	61	61
0	497.5	370.0	59	62
0	492.0	373.0	60	62
0	489.5	375.5	59	59
0	486.5	380.0	59	60
0	481.5	382.5	59	61
0	478.5	385.5	59	61
0	472.5	389.0	59	62
0	468.0	391.5	60	61
0	464.0	395.5	60	61
0	457.0	398.0	60	60
0	451.0	402.5	60	61
0	446.5	404.0	61	60
0	444.0	406.5	60	61
0	441.5	407.5	61	61
0	438.5	410.5	61	61
0	435.5	412.0	61	60
0	433.5	413.5	61	61
0	430.0	416.0	62	60
0	428.5	417.0	61	60
0	424.5	418.0	61	60
0	422.5	420.0	61	60
0	418.5	419.5	61	59
0	415.5	421.0	61	60
0	412.5	421.5	61	59
0	411.0	422.0	62	60
0	408.0	421.5	62	59
0	405.0	422.0	62	60
0	403.0	421.0	62	60
0	401.0	421.0	62	60
0	400.0	419.0	62	60
0	398.0	416.5	62	61
0	396.0	415.0	62	60
0	396.0	413.0	62	60
0	394.0	412.0	62	60
0	393.0	408.0	62	60
0	392.0	407.0	62	60
0	391.0	405.0	62	60
0	390.0	404.0	62	60
0	389.0	403.0	62	60
0	388.0	402.5	62	59
0	387.0	401.0	62	60
0	387.0	400.0	62	60
0	388.0	399.0	62	60
0	389.0	397.0	62	60
0	388.5	396.5	61	59
0	390.5	395.5	61	59
0	392.5	394.5	61	59
0	395.5	394.5	61	59
0	399.0	393.5	60	59
0	401.0	392.5	60	59
0	403.5	391.5	61	59
0	407.0	392.0	60	60
0	409.0	391.5	60	59
0	412.0	391.5	60	59
0	415.0	391.5	60	59
0	417.0	391.5	60	59
0	419.5	392.5	59	59
0	422.5	392.0	59	58
0	424.5	392.5	59	59
0	427.5	393.5	59	59
0	429.5	394.5	59	59
0	432.5	396.0	59	60
0	434.5	397.5	59	59
0	436.5	398.5	59	59
0	438.5	400.0	59	60
0	439.5	400.5	59	59
0	442.0	401.5	60	59
0	443.0	403.5	60	59
0	445.0	404.5	60	59
0	446.0	405.5	60	59
0	448.0	406.5	60	59
0	449.0	407.0	60	58
0	450.0	407.5	60	59
0	451.0	407.5	60	59
0	452.0	408.5	60	59
0	454.0	408.5	60	59
0	454.5	408.5	59	59
0	456.5	409.5	59	59
0	456.5	410.5	59	59
0	458.5	410.0	59	58
0	459.5	409.0	59	58
0	461.5	409.0	59	58
0	463.5	407.5	59	59
0	465.5	406.5	59	59
0	467.5	404.5	59	59
0	469.5	403.5	59	59
0	472.5	402.0	59	58
0	476.0	400.5	58	59
0	479.0	399.0	58	58
0	482.0	400.0	58	58
0	486.0	398.5	58	59
0	489.0	398.0	58	58
0	492.0	397.0	58	58
0	496.0	395.5	58	59
0	497.5	395.5	59	59
0	500.5	393.5	59	59
0	501.5	393.5	59	59
0	503.0	392.5	58	59
0	502.5	392.5	59	59
0	503.5	391.5	59	59
0	504.5	390.5	59	59
0	504.5	390.5	59	59
0	505.5	390.5	59	59
0	506.5	390.5	59	59
0	507.5	389.5	59	59
0	509.5	390.5	59	59
0	511.5	388.5	59	59
0	513.5	389.5	59	59
0	515.0	388.5	58	59
0	517.0	387.5	58	59
0	518.5	387.5	59	59
0	520.0	387.5	58	59
0	522.0	388.5	58	59
0	524.5	388.5	59	59
0	524.5	389.5	59	59
0	525.5	388.5	59	59
0	525.5	389.5	59	59
0	525.5	389.0	59	60
0	525.5	388.5	59	59
0	524.5	389.0	59	60
0	523.5	388.5	59	59
0	522.5	389.0	59	60
0	522.5	388.5	59	59
0	523.5	389.5	59	59
0	522.5	390.5	59	59
0	523.5	389.5	59	59
0	526.0	391.5	58	59
0	527.5	391.0	59	58
0	529.0	391.5	58	59
0	531.0	391.5	58	59
0	532.5	391.5	59	59
0	535.0	391.0	58	58
0	536.5	391.0	59	58
0	537.5	391.0	59	58
0	538.5	391.5	59	59
0	539.5	390.5	59	59
0	539.5	391.5	59	59
0	540.5	389.5	59	59
0	539.5	389.5	59	59
0	539.5	388.5	59	59
0	538.5	387.5	59	59
0	539.5	386.5	59	59
0	537.5	386.5	59	59
0	537.5	386.5	59	59
0	535.5	387.0	59	60
0	533.5	387.0	59	60
0	532.5	386.5	59	59
0	530.5	386.0	59	60
0	529.0	386.0	60	60
0	528.0	385.5	60	59
0	526.0	384.5	60	59
0	526.0	385.0	60	58
0	525.0	384.5	60	59
0	524.0	384.0	60	58
0	523.0	384.5	60	59
0	522.5	384.5	61	59
0	522.0	384.5	60	59
0	522.5	384.5	61	59
0	521.5	384.5	61	59
0	521.5	384.5	61	59
0	521.0	384.5	60	59
0	521.0	386.0	60	60
0	519.5	385.5	59	59
0	518.5	386.5	59	59
0	518.5	387.5	59	59
0	517.5	389.0	59	60
0	516.5	388.0	59	60
0	515.5	389.0	59	60
0	513.5	388.0	61	60
0	514.0	388.5	60	61
0	511.0	387.5	62	61
0	512.5	388.0	63	60
0	513.0	390.0	60	60
0	513.5	391.0	61	60
0	515.0	391.5	60	59
0	516.0	392.5	60	59
0	515.0	393.5	60	59
0	514.0	393.5	60	59
0	516.5	393.0	61	60
0	516.5	393.0	61	60
0	517.5	393.0	59	58
0	519.0	393.0	60	58
0	519.0	393.0	60	58
0	520.0	392.0	60	58
0	519.0	393.0	60	58
0	520.0	392.0	60	58
0	520.0	392.0	60	58
0	520.0	393.0	60	58
0	520.0	393.5	60	59
0	518.0	393.0	60	58
0	518.0	392.5	60	59
0	517.0	393.5	60	59
0	516.0	393.5	60	59
0	516.0	393.5	60	59
0	513.5	392.5	61	59
0	511.5	391.5	61	59
0	509.5	390.5	61	59
0	506.5	389.0	61	60
0	504.5	387.5	61	59
0	502.5	385.0	61	60
0	499.5	384.5	61	59
0	497.5	381.0	61	60
0	493.5	380.5	61	59
0	490.5	377.0	61	60
0	487.5	374.5	61	59
0	485.0	371.0	62	60
0	482.5	369.5	61	59
0	482.0	366.5	62	61
0	480.0	362.5	62	61
0	478.0	358.5	62	61
0	478.0	357.0	62	60
0	478.0	354.0	62	60
0	478.0	350.5	62	61
0	478.0	349.0	62	60
0	478.5	349.0	61	60
0	481.0	347.0	60	60
0	482.5	346.0	61	60
0	485.0	346.5	60	59
0	488.0	346.5	60	59
0	493.0	345.5	60	59
0	495.5	347.5	59	59
0	500.0	348.5	60	59
0	503.5	349.0	59	58
0	507.0	349.5	58	59
0	514.5	353.0	59	60
0	516.5	353.0	59	58
0	518.5	354.5	59	59
0	521.0	354.0	58	58
0	524.5	355.0	59	58
0	527.5	356.0	59	58
0	534.5	357.5	59	59
0	544.5	357.5	59	59
0	555.5	358.5	59	59
0	565.0	359.5	60	59
0	573.5	361.5	59	59
0	581.5	361.5	59	59
0	588.5	362.0	59	58
0	594.0	364.5	58	59
0	600.0	366.0	58	58
0	606.0	368.0	58	58
0	610.0	370.0	58	58
0	615.5	372.5	57	59
0	619.5	374.0	57	58
0	627.0	376.0	58	58
0	632.5	377.0	57	58
0	638.5	379.5	57	59
0	642.5	380.5	57	57
0	644.5	381.5	57	57
0	647.5	383.0	57	58
0	649.5	381.0	57	58
0	651.5	382.0	57	58
0	653.5	381.5	57	57
0	655.0	382.0	58	58
0	656.0	381.0	58	58
0	656.5	380.0	59	58
0	658.0	379.0	58	58
0	658.0	379.0	58	58
0	660.0	378.0	58	58
0	661.0	378.0	58	58
0	662.0	376.0	58	58
0	662.0	375.0	58	58
0	664.0	373.0	58	58
0	664.0	373.0	58	58
0	665.0	372.0	58	58
0	665.5	369.5	59	59
0	665.0	368.5	58	59
0	665.0	367.5	58	59
0	665.0	367.0	58	58
0	664.0	366.5	58	59
0	664.5	365.5	59	59
0	663.0	365.0	58	58
0	663.0	364.0	58	58
0	663.0	364.0	58	58
0	661.0	365.0	58	58
0	661.5	364.0	59	58
0	659.5	365.0	59	58
0	659.5	366.5	59	59
0	656.0	365.5	58	59
0	655.0	367.0	58	58
0	652.0	368.5	58	59
0	650.5	368.0	59	58
0	646.0	370.5	58	59
0	643.0	372.5	58	59
0	639.0	375.5	58	59
0	634.5	378.0	59	60
0	628.5	380.0	59	60
0	622.5	381.5	59	59
0	615.5	385.0	59	60
0	610.0	387.0	60	60
0	605.5	389.0	61	60
0	603.0	391.0	60	60
0	601.0	392.0	60	60
0	597.0	393.5	60	59
0	595.0	395.5	60	59
0	592.0	396.5	60	59
0	590.0	397.0	60	60
0	587.0	400.0	60	60
0	585.0	400.5	60	59
0	583.0	401.5	60	59
0	579.0	404.0	60	60
0	577.0	405.0	60	60
0	573.0	405.5	60	59
0	571.5	407.0	61	60
0	567.5	409.0	61	60
0	565.5	410.0	61	60
0	561.5	411.0	61	60
0	558.5	411.0	61	60
0	556.5	412.0	61	60
0	552.5	413.0	61	60
0	550.5	414.0	61	60
0	547.5	416.0	61	60
0	544.5	416.5	61	61
0	540.5	419.0	61	60
0	537.5	420.0	61	60
0	533.5	421.0	61	60
0	529.5	421.0	61	60
0	526.5	422.0	61	60
0	522.5	421.0	61	60
0	518.5	421.5	61	61
0	516.5	420.5	61	61
0	512.5	418.5	61	61
0	510.5	417.0	61	60
0	507.5	415.0	61	60
0	507.5	411.5	61	61
0	506.5	410.5	61	61
0	506.5	408.5	61	61
0	506.5	407.0	61	60
0	507.0	404.5	62	61
0	507.5	403.0	61	60
0	508.5	401.5	61	61
0	509.5	402.0	61	60
0	509.5	401.0	61	60
0	510.5	401.5	61	59
0	512.0	400.5	60	59
0	513.0	400.5	60	59
0	516.0	400.5	60	59
0	517.5	400.5	59	59
0	520.5	399.5	59	59
0	527.0	398.5	60	59
0	534.0	396.0	60	60
0	540.0	395.5	58	59
0	544.0	391.0	60	60
0	546.5	389.0	59	60
0	549.5	386.0	59	60
0	551.5	383.5	59	59
0	553.5	381.0	59	60
0	555.5	378.5	59	59
0	557.5	376.5	59	59
0	559.5	376.0	59	60
0	561.5	375.5	59	59
0	562.5	375.5	59	59
0	564.5	373.5	59	59
0	566.5	373.5	59	59
0	568.0	371.5	60	59
0	570.5	369.5	59	59
0	571.5	367.5	59	59
0	574.5	366.0	59	60
0	576.5	365.5	59	59
0	584.5	365.0	59	60
0	598.0	365.0	58	58
0	608.5	364.0	59	60
0	616.0	363.0	58	60
0	619.0	359.0	58	60
0	622.5	356.0	59	60
0	625.0	351.5	58	59
0	630.5	349.0	59	60
0	635.0	346.5	58	59
0	637.5	344.5	59	59
0	641.0	340.0	58	60
0	643.5	336.5	59	59
0	645.0	335.5	58	59
0	647.0	334.0	58	60
0	646.5	331.5	59	59
0	647.5	329.0	59	60
0	646.5	328.5	59	59
0	645.5	328.0	59	60
0	644.5	326.5	59	59
0	643.0	326.0	60	60
0	640.0	326.5	60	59
0	637.0	326.0	60	60
0	635.5	327.0	59	60
0	632.5	328.0	59	60
0	631.5	328.5	59	59
0	628.5	330.0	59	60
0	625.5	331.0	59	60
0	622.0	333.0	60	60
0	620.0	333.5	60	59
0	617.0	335.0	60	60
0	612.0	336.0	60	60
0	609.5	338.0	61	60
0	605.0	339.0	60	60
0	602.0	340.0	60	60
0	599.0	341.0	60	60
0	595.0	343.0	60	60
0	594.0	344.0	60	60
0	590.0	346.5	60	61
0	587.0	346.0	60	60
0	584.5	348.0	61	60
0	583.0	350.0	60	60
0	581.0	352.5	60	61
0	579.0	354.5	60	61
0	577.0	357.5	60	61
0	575.0	359.5	60	61
0	573.0	361.5	60	61
0	572.0	364.5	60	61
0	569.0	366.0	60	60
0	567.0	370.0	60	62
0	565.0	370.0	60	60
0	561.0	374.5	60	61
0	559.0	375.0	60	60
0	556.0	376.0	60	60
0	553.0	379.0	60	60
0	551.0	380.0	60	60
0	548.5	381.0	61	60
0	546.5	381.5	61	59
0	543.5	384.0	61	60
0	541.5	384.0	61	60
0	539.5	384.0	61	60
0	535.5	384.0	61	60
0	533.5	384.0	61	60
0	530.5	384.0	61	60
0	526.5	383.5	61	61
0	523.5	381.0	61	60
0	519.5	380.0	61	60
0	515.5	379.5	61	61
0	511.5	377.5	61	61
0	508.5	375.5	61	61
0	505.5	374.5	61	61
0	501.5	372.5	61	61
0	499.0	370.5	62	61
0	496.5	367.5	61	61
0	495.0	365.5	62	61
0	492.0	362.5	62	61
0	490.0	359.0	62	62
0	489.0	357.5	62	61
0	487.0	353.0	62	62
0	485.5	351.5	61	61
0	484.5	348.5	61	61
0	484.0	346.0	62	62
0	483.5	344.0	61	62
0	482.5	341.5	61	61
0	482.5	340.5	61	61
0	483.5	337.5	61	61
0	483.5	335.0	61	62
0	482.5	333.5	61	61
0	483.5	331.5	61	61
0	483.5	330.5	61	61
0	484.5	329.5	61	61
0	486.0	326.5	60	61
0	488.0	325.5	60	61
0	489.0	323.5	60	61
0	493.0	322.5	60	61
0	495.0	321.5	60	61
0	497.0	319.5	60	61
0	500.0	317.5	60	61
0	502.0	316.0	60	60
0	503.0	314.5	60	61
0	505.0	313.5	60	61
0	507.0	313.0	60	60
0	508.0	313.5	60	61
0	508.5	311.0	59	60
0	508.5	311.5	59	59
0	509.5	310.5	59	59
0	509.5	309.5	59	59
0	512.5	307.5	59	59
0	513.5	307.5	59	59
0	514.5	306.0	59	60
0	517.5	304.5	59	59
0	518.0	303.5	58	59
0	521.0	300.5	58	59
0	523.5	298.5	59	59
0	526.0	296.5	58	59
0	531.0	295.5	58	59
0	534.0	294.0	58	60
0	539.0	293.5	58	59
0	543.0	292.5	58	59
0	551.0	291.0	58	60
0	559.5	292.0	59	60
0	565.0	291.5	58	59
0	572.5	291.5	59	59
0	579.0	292.5	58	59
0	587.0	292.5	58	59
0	592.5	293.5	57	59
0	597.5	292.5	57	59
0	602.0	294.5	56	59
0	605.5	295.5	57	59
0	611.5	296.0	57	58
0	617.0	297.0	56	58
0	626.0	299.0	58	58
0	632.5	300.0	57	58
0	638.5	299.0	57	58
0	644.5	300.0	57	58
0	648.0	301.0	56	58
0	650.5	302.0	57	58
0	655.5	301.0	57	58
0	657.0	302.0	56	58
0	660.5	304.0	57	58
0	661.5	304.0	57	58
0	662.5	306.5	57	59
0	663.5	307.0	57	58
0	662.5	309.5	57	59
0	661.5	311.5	57	59
0	660.0	313.5	58	59
0	656.5	315.5	57	59
0	656.0	318.0	58	58
0	652.5	320.5	57	59
0	652.0	322.0	58	58
0	649.0	324.0	58	58
0	646.0	327.0	58	60
0	642.0	328.5	58	59
0	637.5	332.0	59	60
0	631.5	332.5	59	59
0	624.0	336.0	58	60
0	617.0	339.0	58	60
0	608.0	341.0	58	60
0	601.5	344.0	59	60
0	594.5	348.0	59	60
0	588.0	350.5	60	59
0	583.5	354.0	59	60
0	579.0	358.0	60	60
0	576.5	360.0	59	60
0	574.5	364.0	59	60
0	571.5	368.0	59	60
0	570.0	372.0	60	60
0	567.5	374.5	59	59
0	566.0	378.0	60	60
0	564.0	380.5	60	59
0	562.0	384.5	60	59
0	559.5	386.5	59	59
0	557.0	390.5	60	59
0	555.0	392.5	60	59
0	552.0	394.5	60	59
0	550.0	398.5	60	59
0	547.0	399.5	60	59
0	545.0	402.5	60	59
0	543.0	403.5	60	59
0	542.0	405.0	60	58
0	541.0	407.0	60	58
0	539.0	408.0	60	58
0	537.0	408.5	60	59
0	536.0	409.5	60	59
0	534.0	409.5	60	59
0	532.0	410.5	60	59
0	529.0	409.5	60	59
0	525.0	410.0	60	60
0	521.0	410.0	60	60
0	515.5	410.5	61	59
0	509.5	411.5	61	59
0	500.5	411.5	61	59
0	491.5	411.0	61	60
0	485.0	411.0	62	60
0	480.0	411.0	62	60
0	477.5	412.0	61	60
0	474.0	411.0	62	60
0	471.0	410.5	62	61
0	468.0	411.0	62	60
0	466.0	410.0	62	60
0	464.0	410.0	62	60
0	462.0	410.0	62	60
0	459.0	409.0	62	60
0	458.0	408.0	62	60
0	457.0	406.0	62	60
0	456.0	405.0	62	60
0	455.0	403.0	62	60
0	454.0	402.0	62	60
0	454.5	400.5	63	61
0	455.0	399.0	62	60
0	456.0	399.0	62	60
0	456.0	397.0	62	60
0	457.0	396.5	62	59
0	457.0	395.5	62	59
0	458.0	395.5	62	59
0	459.0	393.5	62	59
0	459.5	393.0	61	58
0	460.0	391.0	62	60
0	462.0	390.5	62	59
0	461.5	387.5	63	61
0	463.5	387.0	63	62
0	465.0	387.0	62	60
0	467.5	388.0	61	60
0	469.5	387.0	61	60
0	471.5	386.5	61	59
0	473.5	387.0	61	60
0	475.5	387.0	61	60
0	478.5	387.5	61	61
0	481.0	389.5	62	61
0	483.0	388.0	60	58
0	484.0	388.0	60	58
0	486.0	388.5	60	59
0	488.5	388.0	59	58
0	490.0	388.5	60	59
0	492.0	388.5	60	59
0	494.0	387.5	60	59
0	495.0	386.5	60	59
0	497.0	385.5	60	59
0	499.0	384.0	60	58
0	500.5	382.5	59	59
0	502.5	382.0	59	58
0	504.5	381.5	59	59
0	508.5	380.0	59	58
0	511.5	380.0	59	58
0	515.5	380.0	59	58
0	522.5	379.5	59	59
0	528.5	378.5	59	59
0	534.5	377.5	59	59
0	540.5	377.5	59	59
0	547.5	377.5	59	59
0	554.5	378.0	59	58
0	559.5	377.5	59	59
0	562.0	378.5	58	59
0	565.5	377.5	59	59
0	568.5	377.5	59	59
0	570.0	378.0	58	58
0	572.5	377.5	59	59
0	574.5	377.0	59	58
0	576.5	377.0	59	58
0	578.5	376.0	59	58
0	581.0	375.5	58	57
0	584.0	375.0	58	58
0	586.0	374.0	58	58
0	590.0	373.0	58	58
0	593.0	374.0	58	58
0	595.0	373.0	58	58
0	597.0	372.5	58	59
0	599.0	371.0	58	58
0	599.5	371.0	59	58
0	601.5	371.0	59	58
0	601.5	371.5	59	59
0	602.5	371.0	59	58
0	602.5	371.0	59	58
0	602.5	371.0	59	58
0	602.5	371.5	59	59
0	602.0	371.5	60	59
0	601.0	370.5	60	59
0	601.0	370.5	60	59
0	599.0	369.5	60	59
0	599.0	370.5	60	59
0	597.0	370.5	60	59
0	596.5	370.5	61	59
0	594.5	369.5	61	59
0	594.5	371.0	61	60
0	593.0	371.0	62	60
0	592.0	372.0	60	60
0	591.5	372.5	61	59
0	591.5	372.0	61	60
0	590.5	373.5	61	59
0	589.0	373.5	60	59
0	588.0	373.5	60	59
0	588.5	375.5	61	59
0	586.5	374.0	61	60
0	586.0	375.0	62	60
0	582.5	376.0	61	60
0	579.5	377.0	61	60
0	572.0	378.5	62	61
0	563.0	379.5	62	61
0	554.0	381.5	62	61
0	547.0	383.5	62	61
0	544.0	385.5	62	61
0	543.0	388.5	62	61
0	541.0	389.0	62	60
0	539.0	391.5	62	61
0	537.0	393.5	62	61
0	537.0	395.5	62	61
0	536.0	397.5	62	61
0	536.0	397.0	62	60
0	536.0	398.0	62	60
0	538.0	397.5	62	59
0	540.0	397.0	62	60
0	542.0	397.0	62	60
0	546.0	397.0	62	60
0	549.0	398.0	62	60
0	551.5	397.5	61	61
0	555.0	398.0	62	60
0	558.0	398.0	62	60
0	560.5	397.0	61	60
0	563.5	399.0	61	60
0	566.5	398.0	61	60
0	569.0	398.5	62	59
0	571.5	400.5	61	59
0	574.5	400.5	61	59
0	579.0	401.0	62	60
0	581.5	401.0	61	60
0	584.5	402.0	61	60
0	587.5	402.5	61	59
0	590.5	402.0	61	60
0	593.5	402.0	61	60
0	597.5	402.0	61	60
0	599.5	401.5	61	59
0	602.5	401.0	61	60
0	605.5	400.5	61	59
0	609.5	401.0	61	60
0	611.5	400.5	61	59
0	614.0	399.0	60	60
0	617.5	400.5	61	59
0	621.5	399.0	61	60
0	623.5	398.5	61	59
0	625.5	400.5	61	59
0	628.5	400.0	61	60
0	630.5	400.5	61	59
0	632.5	398.5	61	59
0	634.5	398.5	61	59
0	635.5	399.5	61	59
0	636.5	398.5	61	59
0	639.5	396.5	61	59
0	640.5	396.5	61	59
0	642.5	396.5	61	59
0	644.5	396.0	61	60
0	646.5	396.0	61	60
0	649.5	395.0	61	60
0	651.5	395.5	61	59
0	653.5	396.5	61	61
0	657.0	398.0	62	62
0	661.0	396.5	62	61
0	664.0	398.0	62	60
0	667.0	397.0	60	60
0	671.0	398.0	60	60
0	673.0	396.0	60	58
0	676.0	395.5	60	59
0	679.0	395.0	60	58
0	682.0	394.0	60	58
0	683.0	392.5	60	59
0	687.0	391.5	60	59
0	692.5	392.5	59	59
0	699.0	392.0	60	60
0	706.5	390.5	59	59
0	709.5	387.5	59	59
0	713.0	382.5	60	59
0	715.5	381.0	59	58
0	717.5	375.5	59	59
0	717.0	375.5	60	59
0	718.0	372.5	60	59
0	719.0	368.5	60	59
0	719.0	367.5	60	59
0	719.0	365.0	60	60
0	720.0	363.5	60	59
0	721.0	361.5	60	59
0	721.5	361.0	59	60
0	722.0	360.5	60	59
0	722.5	359.5	59	59
0	723.5	358.5	59	59
0	724.0	357.5	60	59
0	724.5	357.5	59	59
0	725.5	358.5	59	59
0	726.0	356.5	60	59
0	725.0	356.5	60	59
0	724.0	356.5	60	59
0	722.5	355.5	59	59
0	721.0	356.0	60	60
0	717.5	355.5	59	59
0	716.0	355.5	60	59
0	713.5	355.5	59	59
0	711.0	355.0	60	60
0	709.0	355.5	60	59
0	706.0	355.5	60	59
0	703.0	355.5	60	59
0	700.0	355.5	60	59
0	697.5	357.0	59	60
0	694.0	356.5	60	59
0	688.0	358.0	60	60
0	681.0	359.0	60	60
0	674.5	359.5	61	61
0	668.0	360.5	62	61
0	661.5	360.0	63	60
0	657.5	361.5	63	61
0	653.5	362.5	63	61
0	651.0	362.5	62	61
0	648.5	363.5	63	61
0	645.5	363.5	63	61
0	642.5	365.5	63	61
0	639.5	365.5	63	61
0	637.5	365.5	63	61
0	634.5	366.5	63	61
0	631.5	366.5	63	61
0	628.5	366.5	63	61
0	626.5	367.5	63	61
0	623.5	367.5	63	61
0	621.5	367.0	63	62
0	619.5	367.0	63	62
0	617.5	366.5	63	61
0	614.5	367.5	63	61
0	612.5	367.5	63	61
0	610.5	368.0	63	62
0	608.5	368.5	63	61
0	605.5	369.0	63	62
0	603.5	369.0	63	62
0	599.5	367.5	63	63
0	595.0	368.0	64	62
0	588.5	366.0	63	62
0	585.0	364.0	64	62
0	581.5	365.0	63	62
0	579.0	363.0	64	62
0	575.0	360.0	64	62
0	571.0	358.0	64	62
0	563.5	355.5	65	63
0	556.0	353.5	64	63
0	549.5	348.5	65	63
0	544.5	346.5	65	63
0	540.0	344.5	64	63
0	537.5	342.5	65	63
0	534.5	340.5	65	63
0	531.5	338.5	65	63
0	529.5	337.5	65	63
0	527.5	337.0	65	62
0	525.5	335.0	65	62
0	524.0	335.0	64	62
0	523.0	334.5	64	61
0	522.5	334.0	65	62
0	522.5	334.0	65	62
0	523.0	334.5	64	61
0	524.0	333.5	64	61
0	525.0	334.5	64	61
0	526.0	336.0	64	62
0	528.5	336.5	63	61
0	530.5	336.5	63	61
0	533.0	338.5	62	61
0	535.5	340.0	63	62
0	538.0	341.5	62	61
0	540.0	343.5	62	61
0	544.0	344.5	62	61
0	546.0	347.0	62	62
0	548.0	349.0	62	62
0	551.0	352.0	62	62
0	554.5	352.5	61	61
0	557.0	354.5	62	61
0	560.0	356.5	62	61
0	563.0	356.5	62	61
0	564.0	357.0	62	60
0	564.0	359.0	62	60
0	565.0	359.0	62	60
0	564.5	359.5	63	61
0	564.0	360.0	62	60
0	563.5	360.5	63	61
0	561.5	360.5	63	61
0	559.5	361.5	63	61
0	557.5	363.0	63	62
0	556.5	363.5	63	61
0	554.5	364.5	63	61
0	553.5	365.5	63	61
0	552.5	365.0	63	60
0	553.5	366.5	63	61
0	553.0	367.0	62	60
0	555.0	367.0	62	60
0	555.0	366.5	62	59
0	557.0	367.0	62	60
0	559.0	367.5	62	61
0	561.0	368.5	62	61
0	562.0	367.0	62	60
0	563.5	368.0	61	60
0	565.5	369.0	61	60
0	568.5	368.5	61	61
0	569.5	368.5	61	59
0	571.5	368.0	61	60
0	574.5	369.0	61	60
0	574.5	369.5	61	59
0	577.5	370.0	61	60
0	578.0	370.5	62	59
0	578.5	370.5	61	59
0	580.5	371.0	61	60
0	581.5	369.5	61	59
0	582.5	370.0	61	60
0	583.5	368.5	61	59
0	584.5	367.0	61	60
0	585.5	366.0	61	60
0	587.5	364.0	61	60
0	587.5	363.5	61	59
0	589.5	359.0	61	60
0	591.5	356.5	61	61
0	593.5	355.5	61	59
0	595.0	352.0	60	60
0	597.0	349.0	60	60
0	599.0	348.0	60	60
0	602.0	346.0	60	60
0	603.5	344.5	61	59
0	607.0	340.5	60	61
0	609.5	338.5	61	59
0	610.5	337.5	61	59
0	612.5	336.5	61	59
0	614.5	333.0	61	60
0	615.5	331.5	61	59
0	615.5	329.5	61	59
0	616.5	328.0	61	60
0	617.5	326.5	61	59
0	617.5	325.0	61	60
0	618.5	323.0	61	60
0	620.5	322.0	61	60
0	622.5	319.0	61	60
0	624.5	320.0	61	60
0	626.0	318.0	60	60
0	628.0	317.5	60	59
0	630.0	317.0	60	60
0	633.0	317.0	60	60
0	634.0	319.0	60	60
0	637.0	319.0	60	60
0	639.0	320.0	60	60
0	641.0	322.0	60	60
0	643.0	324.0	60	60
0	646.0	324.5	60	59
0	647.0	327.0	60	60
0	648.0	327.5	60	59
0	649.0	329.5	60	59
0	649.0	331.5	60	59
0	649.0	333.5	60	59
0	649.0	334.5	60	59
0	648.0	337.0	60	60
0	648.0	339.0	60	60
0	647.0	340.5	60	59
0	645.5	344.0	61	60
0	643.0	346.0	60	60
0	642.0	347.5	60	59
0	641.0	350.0	60	60
0	640.0	353.0	60	60
0	638.0	353.5	60	59
0	637.0	357.0	60	60
0	636.0	358.5	60	59
0	636.0	360.5	60	59
0	635.0	362.5	60	59
0	635.0	364.5	60	59
0	636.0	365.0	60	58
0	635.5	366.5	61	59
0	635.5	367.5	61	59
0	635.0	370.0	60	60
0	635.5	370.0	61	58
0	635.5	370.5	61	59
0	636.5	371.5	61	59
0	635.5	372.5	61	59
0	635.5	372.5	61	59
0	634.5	373.5	61	59
0	634.5	374.5	61	59
0	633.5	375.5	61	59
0	632.5	375.5	61	59
0	630.5	376.5	61	59
0	629.5	378.5	61	59
0	629.0	378.0	62	58
0	626.0	378.5	62	59
0	624.0	379.5	62	59
0	622.0	380.5	62	59
0	618.5	381.5	61	59
0	616.5	382.5	61	59
0	612.5	382.5	61	59
0	609.5	382.5	61	59
0	606.5	384.0	61	60
0	603.5	384.5	61	59
0	602.0	386.0	62	60
0	599.0	386.0	62	60
0	596.0	387.0	62	60
0	593.0	387.5	62	59
0	591.5	387.5	61	59
0	590.0	388.5	62	59
0	587.5	388.5	61	59
0	587.5	387.5	61	59
0	586.5	387.5	61	59
0	586.5	387.5	61	59
0	585.5	386.0	61	60
0	586.0	386.5	62	59
0	584.5	386.5	61	59
0	584.5	385.5	61	59
0	584.0	385.5	62	59
0	583.5	384.5	61	59
0	584.0	385.0	62	60
0	583.5	384.0	63	60
0	584.0	382.5	62	61
0	585.0	380.5	62	61
0	585.5	378.5	61	61
0	586.5	374.0	61	60
0	586.5	371.5	61	59
0	588.0	368.5	60	59
0	589.5	365.5	61	59
0	591.5	365.0	61	58
0	591.5	361.0	61	60
0	594.5	360.5	61	59
0	599.0	360.0	60	58
0	601.0	359.5	60	57
0	604.5	359.0	59	58
0	608.5	358.0	59	58
0	614.0	357.0	60	58
0	618.5	358.0	59	58
0	622.0	357.5	60	57
0	624.5	358.5	59	59
0	628.5	357.5	59	59
0	630.5	358.0	59	58
0	633.5	357.0	59	58
0	634.5	358.0	59	58
0	636.5	360.0	59	58
0	638.5	360.5	59	57
0	640.5	362.5	59	59
0	641.5	364.0	59	58
0	643.5	364.0	59	58
0	646.0	365.0	58	58
0	649.0	366.0	58	58
0	654.0	367.0	58	58
0	661.5	368.0	59	58
0	665.0	368.0	58	58
0	668.5	370.0	57	58
0	673.0	370.0	58	58
0	677.0	369.0	58	58
0	681.5	369.0	57	58
0	684.0	370.0	58	58
0	688.0	369.0	58	58
0	690.0	369.0	58	58
0	692.5	368.0	59	58
0	693.5	367.0	59	58
0	695.5	366.0	59	58
0	696.5	364.0	59	58
0	697.5	363.5	59	59
0	698.5	361.0	59	58
0	699.5	360.0	59	58
0	700.5	360.0	59	58
0	702.5	358.5	59	59
0	703.5	358.0	59	58
0	704.5	358.5	59	59
0	707.0	359.5	60	59
0	708.0	359.0	60	58
0	709.0	360.0	60	58
0	711.0	360.5	60	59
0	711.0	361.0	60	58
0	711.5	362.0	61	58
0	713.0	363.0	60	58
0	711.5	364.0	61	58
0	711.0	364.0	60	58
0	710.5	365.5	61	59
0	707.5	366.5	61	59
0	706.0	368.0	60	58
0	704.0	370.5	60	59
0	701.0	371.0	60	58
0	698.5	372.5	59	59
0	697.0	373.5	60	59
0	695.0	374.5	60	59
0	693.0	376.5	60	59
0	692.0	376.0	60	58
0	692.0	378.0	60	58
0	692.5	379.0	59	58
0	691.5	381.0	59	58
0	692.5	382.0	59	58
0	693.5	384.0	59	58
0	694.5	385.0	59	58
0	694.5	386.0	59	58
0	696.5	387.0	59	58
0	697.5	388.0	59	58
0	699.5	389.5	59	59
0	700.5	390.0	59	58
0	702.5	391.0	59	58
0	704.5	391.0	59	58
0	706.5	391.0	59	58
0	708.0	390.5	60	59
0	710.0	388.5	60	59
0	712.0	387.0	60	60
0	713.5	387.5	59	59
0	717.0	383.5	60	59
0	718.5	381.0	59	58
0	720.5	380.0	59	58
0	722.5	378.5	59	59
0	725.5	375.0	59	58
0	728.5	373.0	59	58
0	732.5	370.5	57	59
0	735.5	368.0	57	58
0	740.5	366.0	57	58
0	743.0	363.0	58	58
0	747.0	361.5	58	59
0	749.5	359.0	57	58
0	752.5	358.0	57	58
0	755.0	356.5	58	57
0	757.0	357.0	58	58
0	759.0	356.0	58	58
0	760.0	356.0	58	58
0	761.0	356.0	58	58
0	762.0	357.5	58	59
0	762.5	357.0	59	58
0	762.5	358.5	59	59
0	762.5	359.5	59	59
0	762.0	361.0	60	60
0	761.5	362.0	59	60
0	760.0	363.5	60	59
0	759.5	365.5	59	59
0	757.5	367.0	59	60
0	755.5	369.0	59	62
0	753.5	371.5	59	61
0	753.0	373.0	60	62
0	750.5	377.5	59	61
0	749.0	379.5	60	63
0	747.5	383.5	61	63
0	746.5	386.0	61	62
0	745.0	388.0	60	62
0	744.0	391.0	60	62
0	743.0	394.5	62	63
0	742.5	397.0	63	62
0	743.5	400.5	61	61
0	745.0	404.5	60	61
0	746.0	407.5	60	61
0	746.5	411.5	59	61
0	748.5	413.5	59	59
0	750.0	416.5	60	59
0	753.0	419.5	60	59
0	753.0	421.0	60	60
0	756.0	424.5	58	59
0	757.5	428.0	59	60
0	762.0	429.5	60	59
0	765.0	432.0	60	60
0	766.0	434.0	60	58
0	769.5	437.5	59	61
0	770.5	438.5	59	59
0	774.0	441.0	60	60
0	776.5	442.5	59	59
0	779.5	443.0	59	58
0	782.0	445.0	60	58
0	784.5	446.0	59	58
0	786.5	446.5	59	57
0	787.5	449.0	59	58
0	789.5	450.5	59	57
0	789.5	450.5	59	57
0	792.0	451.0	60	58
0	791.5	449.5	59	57
0	794.5	449.0	59	58
0	795.0	447.5	60	57
0	795.5	447.0	59	58
0	796.0	444.5	60	57
0	797.0	442.5	60	57
0	796.0	440.0	60	58
0	797.0	438.0	60	58
0	797.5	436.0	59	58
0	796.5	434.0	59	58
0	796.5	431.0	59	58
0	796.0	429.0	58	58
0	795.0	427.0	58	58
0	794.0	425.0	58	58
0	793.0	424.0	58	58
0	792.0	422.5	58	59
0	790.0	422.0	58	58
0	789.0	421.0	58	58
0	787.0	420.0	58	58
0	784.0	421.0	58	58
0	781.5	420.0	59	58
0	777.5	419.5	59	59
0	768.5	419.5	59	59
0	757.0	420.5	58	59
0	746.0	419.5	58	59
0	737.5	420.0	59	60
0	730.0	420.5	60	59
0	723.0	419.5	60	59
0	715.0	419.5	60	59
0	709.0	421.5	60	59
0	702.5	420.5	61	59
0	696.5	422.5	61	59
0	693.0	422.5	60	59
0	688.0	424.5	60	59
0	686.0	424.5	60	59
0	682.0	425.5	60	59
0	679.0	427.5	60	59
0	668.5	431.0	59	60
0	665.0	432.5	60	59
0	663.0	433.0	60	58
0	660.0	433.5	60	59
0	656.0	434.5	60	59
0	655.0	434.0	60	58
0	651.0	434.5	60	59
0	650.0	434.5	60	59
0	648.0	435.5	60	59
0	647.0	436.0	60	58
0	645.0	437.0	60	58
0	644.0	438.0	60	58
0	642.0	437.5	60	59
0	640.0	438.0	60	58
0	638.0	438.5	60	59
0	636.0	439.5	60	59
0	633.0	439.5	60	59
0	631.0	439.5	60	59
0	628.0	439.0	60	58
0	624.0	440.0	60	58
0	621.0	438.5	60	59
0	619.5	439.0	61	60
0	617.0	438.5	60	61
0	615.5	438.5	61	59
0	612.5	439.0	61	60
0	611.5	438.5	61	59
0	610.5	437.0	61	60
0	609.0	437.0	60	58
0	609.5	435.5	61	59
0	609.5	434.5	61	59
0	610.0	434.0	60	58
0	610.5	433.0	61	58
0	611.0	431.5	60	59
0	611.0	429.5	60	59
0	613.0	430.0	60	58
0	611.5	430.5	61	59
0	611.5	430.5	61	59
0	612.0	432.5	60	59
0	612.5	433.5	61	59
0	612.5	436.0	61	60
0	613.0	437.5	60	59
0	614.5	438.5	61	59
0	616.5	439.5	61	59
0	618.0	441.0	60	58
0	620.0	442.0	60	58
0	623.0	443.0	60	58
0	624.5	443.0	61	58
0	627.0	445.0	60	58
0	628.0	444.5	60	59
0	629.5	445.5	61	59
0	629.0	446.5	60	59
0	629.0	447.5	60	59
0	628.0	448.5	60	59
0	627.5	448.5	61	59
0	625.0	448.5	60	59
0	624.0	448.5	60	59
0	621.0	448.0	60	58
0	618.0	448.5	60	59
0	618.0	449.5	60	59
0	615.0	449.5	60	59
0	614.0	449.5	60	59
0	612.5	450.0	59	58
0	612.5	451.5	59	59
0	614.5	451.0	59	58
0	614.5	451.0	59	58
0	616.5	452.0	59	58
0	618.5	452.0	59	58
0	620.5	451.5	59	57
0	622.5	450.5	59	57
0	623.0	450.5	58	57
0	626.0	449.0	58	58
0	628.0	448.0	58	58
0	630.0	445.5	58	57
0	633.0	443.0	58	58
0	633.0	440.5	58	57
0	634.0	438.5	58	57
0	635.0	436.5	58	57
0	636.0	435.5	58	57
0	635.5	432.5	59	57
0	635.5	432.5	59	57
0	634.0	430.0	58	58
0	632.5	430.0	59	58
0	631.5	428.0	59	58
0	629.5	427.0	59	58
0	627.5	426.0	59	58
0	626.5	425.0	59	58
0	625.5	424.0	59	58
0	624.5	423.5	59	57
0	621.5	423.0	59	58
0	620.5	420.5	59	57
0	619.5	421.0	59	58
0	617.5	421.0	59	58
0	615.5	421.0	59	58
0	614.5	421.0	59	58
0	612.5	421.0	59	58
0	609.5	421.5	59	57
0	608.5	421.0	59	58
0	605.5	422.5	59	59
0	603.5	424.0	59	58
0	601.5	423.5	59	59
0	599.5	424.5	59	59
0	597.0	425.5	60	59
0	595.0	425.0	60	58
0	594.0	426.0	60	58
0	592.0	428.5	60	59
0	590.5	429.0	61	58
0	588.5	431.5	61	59
0	589.5	432.0	61	58
0	590.5	433.0	61	58
0	590.0	436.0	60	58
0	588.5	437.0	61	58
0	588.5	436.5	61	57
0	587.5	438.5	61	57
0	587.0	438.5	60	57
0	585.5	440.0	61	58
0	585.0	440.5	60	57
0	583.0	443.0	60	58
0	583.0	443.5	60	57
0	580.0	444.5	60	57
0	579.0	445.5	60	57
0	576.0	447.0	60	58
0	575.0	447.5	60	57
0	573.0	448.0	60	58
0	570.0	448.0	60	58
0	567.0	448.0	60	58
0	566.0	447.0	60	58
0	563.5	446.0	61	58
0	563.0	445.0	60	58
0	561.0	443.0	60	58
0	559.0	442.0	60	58
0	558.5	439.0	59	58
0	557.0	437.5	60	59
0	556.0	437.0	60	58
0	554.0	432.5	60	59
0	551.5	430.5	59	57
0	549.5	429.0	59	58
0	547.0	426.5	60	59
0	544.5	424.0	59	58
0	543.0	423.0	60	58
0	540.0	421.0	60	58
0	537.0	420.0	60	58
0	533.0	418.0	60	58
0	530.0	418.0	60	58
0	528.0	416.0	60	58
0	524.5	417.0	61	58
0	522.0	415.0	60	58
0	520.0	413.0	60	58
0	517.5	413.0	61	58
0	514.0	411.0	60	58
0	513.0	410.0	60	58
0	512.0	407.0	60	60
0	510.0	404.5	60	59
0	511.0	403.5	60	59
0	512.0	397.5	60	61
0	511.5	395.0	59	58
0	514.0	393.5	60	59
0	516.5	391.0	59	58
0	518.5	389.5	59	59
0	521.5	388.0	59	58
0	523.5	388.0	59	58
0	527.5	389.0	59	58
0	530.5	390.0	59	58
0	531.5	391.0	59	58
0	534.5	390.5	59	57
0	536.5	391.5	59	57
0	538.5	392.5	59	57
0	540.5	393.5	59	57
0	543.5	392.5	59	57
0	546.0	392.5	58	57
0	547.0	391.5	58	57
0	549.0	389.5	58	57
0	551.0	389.5	58	57
0	553.0	386.5	58	57
0	555.0	386.5	58	57
0	556.0	385.5	58	57
0	558.0	386.5	58	57
0	560.0	385.5	58	57
0	563.0	385.5	58	57
0	573.0	385.5	58	57
0	583.0	386.5	58	57
0	592.0	384.5	58	57
0	599.0	384.5	58	57
0	606.0	385.5	58	57
0	610.5	384.5	57	57
0	614.5	382.5	57	57
0	618.5	381.5	57	57
0	623.5	380.5	57	57
0	629.0	379.5	58	57
0	633.5	378.5	57	57
0	637.5	377.0	57	56
0	640.5	376.5	57	57
0	643.5	374.0	57	56
0	645.5	373.0	57	56
0	648.5	371.0	57	56
0	651.5	369.0	57	56
0	654.5	368.0	57	56
0	656.5	366.0	57	56
0	658.5	366.0	57	56
0	660.5	365.0	57	56
0	662.5	364.5	57	57
0	664.5	362.0	57	56
0	666.5	362.5	57	57
0	667.5	363.5	57	57
0	668.5	361.5	57	57
0	670.5	363.5	57	57
0	671.5	362.0	57	56
0	672.5	362.0	57	56
0	674.5	362.0	57	56
0	675.5	363.0	57	56
0	676.0	366.0	58	60
0	675.5	367.0	59	58
0	676.0	367.5	58	57
0	676.0	369.0	58	58
0	676.0	368.5	58	57
0	674.5	370.5	57	57
0	673.5	369.5	57	55
0	673.5	372.0	57	56
0	672.5	372.0	57	56
0	673.0	374.0	56	56
0	671.5	374.0	57	56
0	671.5	376.5	57	57
0	674.5	380.5	57	57
0	675.0	382.0	56	56
0	676.0	383.5	56	55
0	678.0	385.0	56	56
0	679.0	387.0	56	56
0	681.0	388.5	56	55
0	683.0	391.0	56	56
0	684.0	392.5	56	55
0	686.0	395.0	56	56
0	687.0	396.5	56	55
0	689.0	399.0	56	56
0	690.0	400.5	56	55
0	692.0	402.5	56	55
0	694.0	405.5	56	55
0	697.0	406.5	56	55
0	699.0	409.0	56	56
0	701.0	410.5	56	55
0	704.0	412.5	56	55
0	707.0	413.5	56	55
0	711.0	415.5	56	55
0	714.0	417.0	56	56
0	717.5	417.5	55	55
0	722.0	419.0	56	56
0	724.5	419.0	57	56
0	728.0	418.5	56	55
0	730.0	419.5	56	55
0	734.0	420.5	56	55
0	737.5	419.5	55	55
0	739.5	420.5	55	55
0	743.5	420.5	55	55
0	745.5	420.5	55	55
0	749.0	420.5	54	55
0	752.0	421.0	54	54
0	755.0	420.5	54	55
0	758.5	419.5	55	55
0	761.5	419.5	55	55
0	763.5	420.5	55	55
0	767.0	419.5	54	55
0	769.0	418.5	54	55
0	772.0	418.5	54	55
0	774.5	418.5	55	55
0	778.0	418.5	54	55
0	782.0	418.5	54	55
0	788.5	417.5	55	55
0	795.5	418.5	55	55
0	800.0	417.5	54	55
0	806.0	418.5	54	55
0	812.0	417.5	54	55
0	817.0	416.5	54	55
0	822.0	417.0	54	54
0	828.0	417.5	54	55
0	832.0	418.0	54	54
0	837.0	417.0	54	54
0	843.0	417.5	54	55
0	849.5	418.0	55	54
0	856.0	418.0	54	54
0	862.0	419.0	54	54
0	868.0	419.0	54	54
0	876.0	418.5	54	55
0	884.0	419.5	54	55
0	891.0	420.5	54	55
0	898.0	420.5	54	55
0	906.0	420.5	54	55
0	913.0	420.5	54	55
0	919.5	420.5	55	55
0	925.0	420.5	54	55
0	929.0	422.5	54	55
0	931.0	422.5	54	55
0	934.0	422.5	54	55
0	936.0	423.5	54	55
0	939.0	423.0	54	54
0	942.0	424.0	54	54
0	945.0	425.0	54	54
0	948.0	426.0	54	54
0	951.0	426.0	54	54
0	954.0	427.0	54	54
0	959.0	428.0	54	54
0	962.0	429.0	54	54
0	967.0	429.0	54	54
0	970.0	430.0	54	54
0	974.0	431.0	54	54
0	976.0	431.0	54	54
0	979.0	433.0	54	54
0	981.0	433.0	54	54
0	984.0	434.0	54	54
0	986.0	434.0	54	54
0	990.0	434.5	54	55
0	995.0	436.0	54	54
0	1001.0	436.5	54	55
0	1002.0	437.0	54	54
0	1005.0	436.5	54	55
0	1007.0	436.0	54	54
0	1009.5	437.5	55	55
0	1012.0	437.5	54	55
0	1014.5	438.5	55	55
0	1015.5	437.5	55	55
0	1017.5	437.5	55	55
0	1019.5	437.0	55	54
0	1022.5	438.5	55	55
0	1023.5	436.5	55	55
0	1025.5	436.5	55	55
0	1027.5	436.5	55	55
0	1030.0	435.5	54	55
0	1032.5	435.5	55	55
0	1035.5	435.5	55	55
0	1038.0	434.5	54	55
0	1040.5	434.5	55	55
0	1042.5	433.5	55	55
0	1045.0	431.5	54	55
0	1049.0	430.5	54	55
0	1053.5	430.0	55	56
0	1057.0	426.5	54	55
0	1059.5	426.0	55	56
0	1061.5	423.5	55	55
0	1063.5	423.0	55	56
0	1065.5	421.5	55	55
0	1068.5	419.5	55	55
0	1070.5	418.5	55	55
0	1072.5	417.5	55	55
0	1074.5	416.5	55	55
0	1077.5	417.5	55	55
0	1078.5	415.5	55	55
0	1081.0	415.5	56	55
0	1084.0	415.5	56	55
0	1085.5	414.5	55	55
0	1088.0	415.5	56	55
0	1091.0	414.5	54	55
0	1093.0	414.5	56	55
0	1093.5	414.5	55	55
0	1097.5	414.5	55	55
0	1098.5	413.5	55	55
0	1099.0	413.5	56	55
0	1101.0	412.5	56	55
0	1102.0	413.0	56	56
0	1102.0	413.5	56	55
0	1102.5	413.5	55	55
0	1104.0	412.5	56	55
0	1103.0	413.5	56	55
0	1102.5	412.5	55	55
0	1102.5	412.5	55	55
0	1102.5	412.5	55	55
0	1103.5	411.5	55	55
0	1103.5	412.5	55	55
0	1103.5	411.5	55	55
0	1104.0	409.0	56	56
0	1105.0	410.0	56	56
0	1107.0	409.5	56	57
0	1109.0	407.0	56	58
0	1110.5	406.0	57	56
0	1110.5	405.0	57	56
0	1111.5	404.0	57	56
0	1110.5	404.0	57	56
0	1111.0	401.5	56	57
0	1109.0	401.0	56	56
0	1107.5	399.5	55	55
0	1104.5	398.5	55	55
0	1103.5	396.5	55	55
0	1100.0	397.0	54	54
0	1096.5	393.5	55	57
0	1095.0	393.5	56	55
0	1093.5	393.5	55	55
0	1091.5	393.5	55	55
0	1088.5	391.5	55	55
0	1087.0	390.0	54	54
0	1085.5	388.5	55	55
0	1081.5	385.5	55	55
0	1078.5	384.0	55	54
0	1075.5	382.5	55	55
0	1071.5	380.0	55	54
0	1066.5	378.0	55	54
0	1063.5	375.5	55	55
0	1061.5	371.0	55	54
0	1056.5	369.0	55	54
0	1054.5	364.5	55	55
0	1050.5	360.5	55	55
0	1048.5	356.5	55	55
0	1045.5	354.0	55	54
0	1043.5	348.5	55	55
0	1042.5	347.5	55	55
0	1040.5	343.0	55	54
0	1038.5	340.5	55	55
0	1036.0	339.5	54	55
0	1035.0	337.0	54	54
0	1033.5	334.5	55	55
0	1031.0	334.0	54	54
0	1028.0	333.5	54	55
0	1025.0	333.0	54	54
0	1024.0	334.0	54	54
0	1021.0	332.5	54	55
0	1019.0	333.0	54	54
0	1017.0	333.0	54	54
0	1016.0	334.0	54	54
0	1015.0	334.0	54	54
0	1013.0	334.5	54	55
0	1012.0	335.0	54	54
0	1010.0	335.0	54	54
0	1008.0	336.0	54	54
0	1006.0	336.0	54	54
0	1003.0	336.0	54	54
0	1001.0	337.0	54	54
0	998.0	338.0	54	54
0	995.0	338.0	54	54
0	993.0	339.0	54	54
0	991.0	339.0	54	54
0	988.0	338.5	54	55
0	986.5	339.0	55	54
0	984.5	340.0	55	54
0	984.0	340.0	54	54
0	982.0	340.0	54	54
0	983.0	341.0	54	54
0	984.0	341.0	54	54
0	985.0	341.0	54	54
0	986.5	342.0	55	54
0	987.0	343.0	54	54
0	988.5	343.0	55	54
0	990.0	344.0	54	54
0	992.0	345.0	54	54
0	994.0	346.5	54	55
0	995.0	348.0	54	54
0	996.0	349.0	54	54
0	998.0	351.5	54	55
0	1001.0	353.0	54	54
0	1003.0	354.5	54	55
0	1006.0	354.5	54	55
0	1011.0	355.5	54	55
0	1017.0	355.5	54	55
0	1022.0	355.0	54	54
0	1028.5	354.0	55	56
0	1032.0	351.5	54	55
0	1036.5	350.5	55	55
0	1038.0	349.5	54	55
0	1039.0	347.5	54	55
0	1041.5	345.5	55	55
0	1042.5	346.0	55	54
0	1044.0	344.5	54	55
0	1045.5	345.0	55	54
0	1046.5	345.5	55	55
0	1047.5	345.5	55	55
0	1048.5	346.5	55	55
0	1050.5	348.5	55	55
0	1051.5	351.5	55	55
0	1053.5	355.0	55	56
0	1055.5	357.0	55	56
0	1056.5	360.0	55	56
0	1057.5	364.0	55	56
0	1059.5	365.5	55	55
0	1060.5	370.5	55	57
0	1062.0	374.0	54	56
0	1063.5	375.5	55	55
0	1065.5	378.5	55	55
0	1066.5	380.5	55	55
0	1068.5	384.0	55	56
0	1071.5	385.5	55	55
0	1080.0	388.0	56	56
0	1089.0	390.5	56	55
0	1097.0	391.0	56	54
0	1104.0	393.5	56	55
0	1109.5	393.5	55	55
0	1116.5	394.0	55	54
0	1122.5	394.0	55	54
0	1128.5	395.5	55	55
0	1134.0	396.5	56	55
0	1138.0	395.5	56	55
0	1141.0	396.5	56	55
0	1146.0	396.0	56	54
0	1151.0	396.5	56	55
0	1154.5	396.5	57	55
0	1159.5	395.5	57	55
0	1163.0	395.5	56	55
0	1165.0	395.0	56	56
0	1167.0	394.5	56	55
0	1170.0	394.5	56	55
0	1172.5	393.5	57	55
0	1173.5	394.0	57	56
0	1175.5	393.0	57	56
0	1177.5	394.0	57	56
0	1179.5	393.5	57	55
0	1181.5	394.5	57	55
0	1182.5	396.0	57	56
0	1182.5	396.5	57	55
0	1182.0	399.5	56	55
0	1182.0	399.5	56	55
0	1181.5	401.5	55	55
0	1180.0	402.5	56	55
0	1180.5	403.5	55	55
0	1179.0	404.5	56	55
0	1177.5	404.5	55	55
0	1177.0	405.5	56	55
0	1176.0	406.5	56	55
0	1175.0	406.5	56	55
0	1173.0	407.5	56	55
0	1172.0	407.5	56	55
0	1169.5	407.0	55	54
0	1169.5	408.0	55	54
0	1167.5	407.0	55	54
0	1167.0	408.0	56	54
0	1165.0	408.5	56	57
0	1163.0	408.0	56	56
0	1163.5	408.0	55	56
0	1164.0	407.5	56	55
0	1163.5	405.5	55	55
0	1164.5	403.5	55	55
0	1164.0	403.0	54	54
0	1164.5	401.0	55	54
0	1166.5	399.5	55	55
0	1165.5	398.0	55	54
0	1165.5	399.0	55	54
0	1164.5	400.0	55	54
0	1164.5	399.0	55	54
0	1164.0	400.0	56	54
0	1164.5	400.0	55	54
0	1164.5	400.0	55	54
0	1164.5	400.0	55	54
0	1164.5	400.0	55	54
0	1164.5	399.0	55	54
0	1163.5	397.0	55	54
0	1164.0	395.0	54	54
0	1164.5	394.5	55	55
0	1165.5	391.0	55	54
0	1166.0	390.0	54	54
0	1167.5	389.0	55	54
0	1169.5	387.0	55	54
0	1171.0	387.0	54	54
0	1173.5	386.0	55	54
0	1176.5	387.0	55	54
0	1179.0	388.5	54	55
0	1182.5	389.0	55	54
0	1185.5	390.5	55	55
0	1187.0	392.5	54	55
0	1190.5	394.5	55	55
0	1194.5	398.0	55	56
0	1198.5	398.5	55	55
0	1203.0	400.5	54	55
0	1205.5	404.5	55	55
0	1208.5	406.5	55	55
0	1211.5	409.5	55	55
0	1211.5	412.5	55	55
0	1212.5	415.5	55	55
0	1213.5	418.5	55	55
0	1214.5	421.5	55	55
0	1215.0	425.5	56	55
0	1214.0	429.5	56	55
0	1213.5	431.5	55	55
0	1213.5	433.5	55	55
0	1214.0	436.5	56	55
0	1215.0	439.0	56	56
0	1217.5	441.5	55	55
0	1219.0	443.5	56	55
0	1221.0	445.5	56	55
0	1228.0	446.0	56	54
0	1234.0	448.5	56	55
0	1237.0	450.0	56	56
0	1237.5	451.5	57	55
0	1241.0	454.5	56	57
0	1243.0	456.5	56	55
0	1244.0	458.0	56	56
0	1246.5	461.0	57	56
0	1247.5	461.5	57	55
0	1250.0	463.0	56	56
0	1251.5	463.5	57	55
0	1252.5	465.0	57	56
0	1254.0	466.0	58	56
0	1255.5	465.0	57	56
0	1257.0	464.5	58	57
0	1259.0	466.0	58	56
0	1260.0	465.0	58	56
0	1261.0	466.0	58	56
0	1262.5	465.0	59	56
0	1262.5	466.0	59	56
0	1263.0	466.0	58	56
0	1263.5	465.5	57	57
0	1263.0	465.5	58	57
0	1264.5	464.5	57	57
0	1263.5	462.5	57	57
0	1265.5	462.5	57	57
0	1266.0	461.0	56	56
0	1267.5	460.0	57	56
0	1268.5	458.0	57	56
0	1269.0	458.5	58	57
0	1268.5	456.0	59	56
0	1270.0	454.0	58	56
0	1270.0	453.0	58	56
0	1271.5	449.5	57	55
0	1271.0	448.5	58	55
0	1273.5	446.5	57	55
0	1273.5	443.5	57	55
0	1273.0	440.0	58	58
0	1273.0	436.0	60	60
0	1274.0	439.0	56	56
0	1275.0	435.5	56	55
0	1275.0	435.5	56	55
0	1276.5	434.0	57	56
0	1276.5	432.5	57	55
0	1275.5	432.0	57	56
0	1274.5	432.5	57	55
0	1274.0	432.5	56	55
0	1273.0	433.0	56	54
0	1271.0	433.5	56	55
0	1270.0	433.5	56	55
0	1267.0	434.0	56	54
0	1265.0	434.5	56	55
0	1263.0	434.0	56	54
0	1262.0	434.5	56	55
0	1258.5	434.5	55	55
0	1256.5	435.5	55	55
0	1254.5	436.5	55	55
0	1252.5	436.5	55	55
0	1252.0	437.0	56	54
0	1249.0	437.0	56	54
0	1248.0	438.0	56	54
0	1246.0	437.0	56	54
0	1244.0	436.0	56	54
0	1243.5	437.0	55	54
0	1243.0	435.0	56	54
0	1241.0	435.5	56	55
0	1240.5	435.0	55	54
0	1239.0	433.0	56	54
0	1239.5	431.0	55	54
0	1238.5	428.0	55	54
0	1238.0	425.0	56	54
0	1237.0	422.0	56	54
0	1236.0	419.0	56	54
0	1234.0	415.0	56	54
0	1233.0	410.5	56	55
0	1232.0	404.0	56	56
0	1230.0	398.0	56	56
0	1229.0	392.5	56	55
0	1228.0	387.5	56	55
0	1226.0	381.0	56	56
0	1225.5	375.0	55	56
0	1224.0	369.0	56	56
0	1224.0	365.5	56	55
0	1222.0	361.0	56	54
0	1221.0	358.0	56	54
0	1219.0	354.5	56	55
0	1216.5	353.5	55	55
0	1213.5	350.5	55	55
0	1211.5	348.5	55	55
0	1207.5	346.5	55	55
0	1205.0	345.5	56	55
0	1201.5	345.0	55	54
0	1199.5	344.0	55	54
0	1197.0	345.0	56	54
0	1192.5	344.0	55	54
0	1191.5	344.0	55	54
0	1188.5	344.0	55	54
0	1187.5	344.0	55	54
0	1186.5	346.0	57	54
0	1184.5	347.0	57	54
0	1183.5	348.0	57	54
0	1181.5	349.0	57	54
0	1179.5	351.5	57	55
0	1177.5	353.5	57	53
0	1175.5	355.0	57	54
0	1172.0	357.5	56	53
0	1169.5	360.0	57	54
0	1166.0	362.0	56	54
0	1163.5	365.0	55	54
0	1162.0	365.5	54	53
0	1160.0	368.0	54	54
0	1158.0	369.0	54	54
0	1156.5	371.0	53	54
0	1156.0	374.0	54	54
0	1155.0	376.0	54	54
0	1155.0	377.5	54	53
0	1154.0	380.0	54	54
0	1155.0	380.5	54	53
0	1154.5	382.0	53	54
0	1154.0	382.5	54	53
0	1155.0	384.0	54	54
0	1156.0	387.5	54	55
0	1155.0	389.0	54	54
0	1156.5	391.0	55	54
0	1156.0	393.0	54	54
0	1156.0	396.0	54	54
0	1156.5	397.0	55	54
0	1156.0	400.0	54	54
0	1157.5	401.0	53	54
0	1158.0	403.0	54	54
0	1158.0	405.0	54	54
0	1160.0	406.5	54	53
0	1161.0	407.5	54	53
0	1163.5	409.5	53	53
0	1171.0	410.5	54	53
0	1177.5	411.5	53	53
0	1184.0	413.5	54	53
0	1188.5	414.5	53	53
0	1192.0	418.0	54	54
0	1195.5	418.5	53	53
0	1199.5	421.0	53	54
0	1205.5	422.0	53	54
0	1210.5	423.5	53	53
0	1217.0	425.0	54	54
0	1220.5	426.0	53	54
0	1224.5	426.5	53	53
0	1227.0	426.5	54	53
0	1229.0	428.0	54	54
0	1231.0	428.0	54	54
0	1232.0	428.5	54	53
0	1233.5	429.5	55	53
0	1234.0	429.5	54	53
0	1234.0	430.5	54	53
0	1236.0	429.5	54	53
0	1237.0	430.5	54	53
0	1239.0	430.5	54	53
0	1241.0	431.5	54	53
0	1243.0	431.5	54	53
0	1246.0	431.5	54	53
0	1251.0	431.5	54	53
0	1253.5	431.5	55	53
0	1255.0	431.0	54	54
0	1257.0	430.0	54	54
0	1257.5	428.5	55	53
0	1257.0	427.5	54	53
0	1256.5	426.5	55	53
0	1256.5	423.5	55	53
0	1255.5	419.5	55	53
0	1253.5	414.0	55	54
0	1252.5	411.5	55	53
0	1251.5	410.5	55	53
0	1249.5	406.5	55	53
0	1247.5	403.5	55	53
0	1245.5	401.5	55	53
0	1244.5	398.5	55	53
0	1241.5	394.5	55	53
0	1240.5	393.5	55	53
0	1236.5	390.5	55	53
0	1234.5	387.5	55	53
0	1232.5	384.5	55	53
0	1230.5	382.5	55	53
0	1227.5	379.0	55	54
0	1224.5	375.5	55	53
0	1221.0	373.5	54	53
0	1219.0	370.5	54	53
0	1215.0	368.5	54	53
0	1213.5	368.5	55	53
0	1211.0	366.5	54	53
0	1209.0	365.5	54	53
0	1206.0	365.5	54	53
0	1204.0	365.5	54	53
0	1201.0	366.5	54	53
0	1199.0	366.5	54	53
0	1197.5	368.5	53	53
0	1195.5	369.5	53	53
0	1194.5	371.5	53	53
0	1192.5	373.5	53	53
0	1189.5	376.5	53	53
0	1187.5	378.5	53	53
0	1185.5	380.5	53	53
0	1183.5	382.5	53	53
0	1181.5	385.5	53	53
0	1180.5	388.5	53	53
0	1179.5	390.5	53	53
0	1179.5	393.5	53	53
0	1178.5	395.5	53	53
0	1179.5	398.5	53	53
0	1180.5	401.0	53	54
0	1179.5	403.5	53	53
0	1180.5	407.0	53	54
0	1180.5	409.5	53	53
0	1181.5	412.5	53	53
0	1181.5	416.5	53	53
0	1181.5	418.5	53	53
0	1181.5	422.0	53	54
0	1184.5	424.5	53	53
0	1184.5	426.5	53	53
0	1186.5	428.5	53	53
0	1187.5	430.0	53	54
0	1188.5	429.5	53	53
0	1190.5	431.5	53	53
0	1191.5	432.5	53	53
0	1192.5	432.5	53	53
0	1195.0	434.0	54	54
0	1197.0	433.5	54	53
0	1199.0	433.5	54	53
0	1203.0	433.5	54	53
0	1211.0	433.5	54	53
0	1219.0	433.5	54	53
0	1225.0	433.0	54	54
0	1231.0	432.5	54	53
0	1234.5	431.5	55	53
0	1237.0	431.5	54	53
0	1240.0	432.5	54	53
0	1243.5	431.0	55	54
0	1247.0	430.0	54	54
0	1249.5	429.5	55	53
0	1252.0	429.0	54	54
0	1255.5	428.0	55	54
0	1257.0	427.0	54	54
0	1258.5	427.5	55	53
0	1260.5	427.0	55	54
0	1262.5	427.0	55	54
0	1263.0	426.0	54	54
0	1264.5	425.0	55	54
0	1266.0	424.0	54	54
0	1268.0	424.0	54	54
0	1269.0	423.0	54	54
0	1272.0	422.0	54	54
0	1273.5	421.5	55	53
0	1275.5	421.0	55	54
0	1275.5	420.0	55	54
0	1277.5	419.0	55	54
0	1278.0	417.0	54	54
0	1279.0	415.5	54	53
0	1280.5	414.5	55	53
0	1281.0	412.0	54	54
0	1280.5	411.0	55	54
0	1281.5	410.0	55	54
0	1281.0	409.0	54	54
0	1281.5	406.0	55	54
0	1281.5	406.0	55	54
0	1281.5	403.0	55	54
0	1282.5	402.0	55	54
0	1282.5	401.0	55	54
0	1283.0	399.5	54	53
0	1282.5	399.0	55	54
0	1282.0	397.0	54	54
0	1282.0	396.5	54	53
0	1283.5	395.0	55	54
0	1282.5	394.5	55	53
0	1283.0	394.5	54	53
0	1283.0	393.0	54	54
0	1283.0	394.0	54	54
0	1283.0	393.0	54	54
0	1282.0	393.5	54	53
0	1282.0	394.5	54	53
0	1283.0	394.5	54	53
0	1283.0	396.5	54	53
0	1283.0	396.5	54	53
0	1283.0	396.5	54	53
0	1284.0	396.5	54	53
0	1285.0	398.5	54	53
0	1287.0	397.5	54	53
0	1290.0	399.0	54	54
0	1293.0	400.0	54	54
0	1297.0	401.5	54	53
0	1300.0	403.0	54	54
0	1303.0	405.0	54	54
0	1305.0	406.0	54	54
0	1308.0	408.0	54	54
0	1310.0	409.5	54	53
0	1312.0	410.0	54	54
0	1315.0	411.5	54	53
0	1317.0	411.5	54	53
0	1320.0	411.5	54	53
0	1321.0	410.5	54	53
0	1323.0	411.0	54	54
0	1324.0	412.0	54	54
0	1324.0	410.5	54	53
0	1322.0	411.0	54	54
0	1321.0	411.5	54	53
0	1319.0	411.5	54	53
0	1317.0	413.5	54	53
0	1312.0	414.5	54	53
0	1309.5	415.0	53	52
0	1302.5	414.5	53	53
0	1297.0	414.5	54	53
0	1291.5	414.5	53	53
0	1285.5	415.5	53	53
0	1279.5	415.5	53	53
0	1273.5	415.0	53	54
0	1267.5	414.5	53	53
0	1261.5	413.5	53	53
0	1254.5	413.5	53	53
0	1245.0	413.5	52	53
0	1236.0	412.0	52	52
0	1225.0	414.0	52	52
0	1216.0	412.5	52	53
0	1205.5	414.0	51	52
0	1196.0	415.0	52	52
0	1187.5	417.0	51	52
0	1182.0	418.5	52	53
0	1178.0	421.5	52	53
0	1175.0	423.0	52	52
0	1171.0	424.5	52	53
0	1168.0	425.5	52	53
0	1164.0	426.0	52	52
0	1161.0	428.0	52	52
0	1158.5	430.0	51	52
0	1156.0	431.0	52	52
0	1154.0	433.0	52	52
0	1152.0	433.0	52	52
0	1149.5	434.0	51	52
0	1150.5	436.0	51	52
0	1149.5	436.0	51	52
0	1150.5	438.0	51	52
0	1152.0	438.5	52	51
0	1151.5	440.0	51	52
0	1155.0	440.5	52	51
0	1161.0	440.5	52	53
0	1169.0	441.0	52	52
0	1172.0	442.0	52	52
0	1175.0	442.0	52	52
0	1178.0	443.0	52	52
0	1181.0	442.0	52	52
0	1190.5	443.0	53	52
0	1199.0	441.5	52	53
0	1206.5	440.5	53	53
0	1207.5	438.5	53	53
0	1208.5	438.0	53	52
0	1210.5	436.0	53	52
0	1208.5	436.0	53	52
0	1208.0	437.0	52	52
0	1207.5	437.0	53	52
0	1207.0	438.0	52	52
0	1206.0	438.0	52	52
0	1205.0	439.0	52	52
0	1205.0	438.0	52	52
0	1205.0	440.0	52	52
0	1203.0	442.0	52	52
0	1202.0	443.0	52	52
0	1200.5	445.5	51	53
0	1199.5	449.5	51	53
0	1198.5	450.0	51	52
0	1196.5	454.5	51	53
0	1195.5	457.5	51	53
0	1194.5	459.5	51	53
0	1193.5	462.0	51	52
0	1192.0	464.0	52	52
0	1192.0	466.0	52	52
0	1190.0	468.0	52	52
0	1189.0	470.0	52	52
0	1187.0	473.0	52	52
0	1186.0	474.0	52	52
0	1185.0	476.0	52	52
0	1184.0	477.0	52	52
0	1182.5	478.0	51	52
0	1181.5	479.0	51	52
0	1181.5	479.0	51	52
0	1179.5	480.0	51	52
0	1180.5	482.0	51	52
0	1179.0	482.0	52	52
0	1178.5	483.0	51	52
0	1179.0	484.0	52	52
0	1179.0	484.0	52	52
0	1178.0	483.0	52	52
0	1178.0	483.0	52	52
0	1176.0	482.0	52	52
0	1176.0	482.0	52	52
0	1175.0	481.0	52	52
0	1174.0	480.5	52	51
0	1174.0	480.0	52	52
0	1171.0	478.5	52	51
0	1171.0	478.5	52	51
0	1169.0	478.0	52	52
0	1169.0	477.5	52	51
0	1167.0	478.0	52	52
0	1165.0	478.0	52	52
0	1164.0	476.5	52	51
0	1163.0	478.0	52	52
0	1163.0	477.5	52	51
0	1161.5	478.0	51	52
0	1161.0	477.5	52	51
0	1161.5	478.5	51	51
0	1159.5	478.5	51	51
0	1160.5	478.5	51	51
0	1160.5	478.5	51	51
0	1161.0	477.5	52	51
0	1161.5	477.5	51	51
0	1162.0	477.5	52	51
0	1161.5	476.5	51	51
0	1161.5	475.5	51	51
0	1162.5	474.5	51	51
0	1161.5	473.5	51	51
0	1161.5	473.5	51	51
0	1161.5	471.5	51	51
0	1161.0	470.5	52	51
0	1161.5	467.5	51	51
0	1160.0	465.5	52	51
0	1159.0	461.5	52	51
0	1158.5	458.5	51	51
0	1158.5	454.5	51	51
0	1157.0	451.5	52	51
0	1156.0	447.5	52	51
0	1154.0	443.5	52	51
0	1153.0	440.5	52	51
0	1152.0	436.5	52	51
0	1150.0	433.5	52	51
0	1149.0	431.0	52	50
0	1147.0	426.5	52	51
0	1145.5	425.0	51	52
0	1143.0	421.5	52	51
0	1140.5	419.5	51	51
0	1138.5	418.5	51	51
0	1136.5	415.5	51	51
0	1134.5	414.5	51	51
0	1132.5	414.0	51	52
0	1130.5	413.5	51	51
0	1128.0	413.5	50	51
0	1125.0	413.5	50	51
0	1123.0	414.5	50	51
0	1121.0	416.5	50	51
0	1118.0	417.5	50	51
0	1115.5	419.5	49	51
0	1114.0	421.5	50	51
0	1111.5	424.5	49	51
0	1108.0	428.0	50	52
0	1106.0	429.5	50	51
0	1104.5	433.5	49	51
0	1101.0	435.5	50	51
0	1100.0	437.0	50	50
0	1098.0	444.0	50	52
0	1095.5	450.0	49	52
0	1094.0	456.0	50	52
0	1093.0	460.0	50	52
0	1093.0	462.0	50	50
0	1094.0	465.5	50	51
0	1095.0	468.5	50	51
0	1097.0	471.5	50	51
0	1098.0	473.0	50	50
0	1100.5	475.5	49	51
0	1102.5	479.5	49	51
0	1104.0	481.5	50	51
0	1106.0	485.5	50	51
0	1108.0	488.0	50	50
0	1109.0	491.5	50	51
0	1110.0	494.5	50	51
0	1110.0	498.5	50	51
0	1110.5	500.5	49	51
0	1111.0	503.5	50	51
0	1110.5	506.5	49	51
0	1110.5	508.5	49	51
0	1110.5	511.0	49	50
0	1110.5	512.5	49	51
0	1110.5	514.0	49	50
0	1110.5	516.0	49	50
0	1110.5	518.0	49	50
0	1109.5	519.0	49	50
0	1109.5	519.0	49	50
0	1110.5	520.0	49	50
0	1111.5	521.0	49	50
0	1111.5	522.0	49	50
0	1112.5	523.0	49	50
0	1113.5	524.0	49	50
0	1114.0	524.0	50	50
0	1115.0	525.0	50	50
0	1115.5	527.0	49	50
0	1116.0	528.0	50	50
0	1116.5	529.0	49	50
0	1116.5	531.5	49	51
0	1116.0	532.0	50	50
0	1117.0	534.5	50	51
0	1115.5	535.0	49	50
0	1115.5	536.0	49	50
0	1116.0	537.0	50	50
0	1114.0	537.0	50	50
0	1114.0	539.0	50	50
0	1111.5	540.0	49	50
0	1110.5	541.0	49	50
0	1108.5	542.5	49	49
0	1106.5	543.5	49	49
0	1104.5	543.5	49	49
0	1102.5	545.0	49	50
0	1099.5	545.0	49	50
0	1097.5	546.5	49	49
0	1095.5	548.0	49	50
0	1092.5	548.5	49	49
0	1089.5	549.0	49	50
0	1087.5	551.0	49	50
0	1084.5	553.0	49	50
0	1081.5	553.5	49	49
0	1078.5	554.0	49	50
0	1075.5	555.5	49	49
0	1071.5	557.0	49	50
0	1068.5	557.5	49	49
0	1064.0	558.5	48	49
0	1058.0	558.5	48	49
0	1051.0	560.0	48	50
0	1046.0	560.5	48	49
0	1041.0	559.5	48	49
0	1039.5	559.5	49	49
0	1035.0	560.5	48	49
0	1031.5	559.5	49	49
0	1028.0	559.5	48	49
0	1024.5	557.5	49	49
0	1021.5	556.5	49	49
0	1019.0	554.5	48	49
0	1016.0	554.0	48	50
0	1014.5	550.5	49	49
0	1012.5	549.5	49	49
0	1009.5	546.5	49	49
0	1007.0	544.5	48	49
0	1005.5	541.5	49	49
0	1001.5	538.5	49	49
0	998.5	536.5	49	49
0	995.5	533.5	49	49
0	993.5	530.5	49	49
0	990.5	527.5	49	49
0	987.5	525.5	49	49
0	983.5	521.5	49	49
0	982.0	518.5	48	49
0	979.5	516.5	49	49
0	977.5	513.5	49	49
0	974.5	510.5	49	49
0	972.5	508.0	49	50
0	970.5	504.5	49	49
0	967.5	502.5	49	49
0	965.5	500.5	49	49
0	963.0	498.5	48	49
0	960.0	496.5	48	49
0	960.0	494.5	48	49
0	958.0	493.0	48	50
0	956.0	491.0	48	50
0	953.0	489.5	48	49
0	952.0	489.5	48	49
0	949.0	489.5	48	49
0	948.0	487.5	48	49
0	946.0	487.0	48	48
0	944.0	488.0	48	48
0	944.0	488.0	48	48
0	943.5	489.5	47	49
0	944.0	489.0	48	48
0	943.0	490.5	48	49
0	942.5	492.5	47	49
0	944.0	493.0	48	48
0	944.0	494.5	48	49
0	945.0	495.5	48	49
0	945.0	496.0	48	48
0	945.0	497.5	48	49
0	946.0	498.5	48	49
0	945.0	499.0	48	48
0	946.0	501.5	48	49
0	946.0	501.0	48	48
0	946.0	504.0	48	50
0	947.0	504.0	48	48
0	946.5	505.5	47	49
0	947.0	506.0	48	48
0	947.0	507.5	48	49
0	947.5	508.0	47	48
0	947.5	510.5	47	49
0	947.0	510.0	48	48
0	947.0	511.5	48	49
0	946.0	513.0	48	48
0	946.0	514.5	48	49
0	945.0	514.5	48	49
0	945.0	514.5	48	49
0	944.0	515.5	48	49
0	943.0	516.5	48	49
0	943.0	517.5	48	49
0	941.0	517.5	48	49
0	940.0	518.5	48	49
0	938.0	519.5	48	49
0	935.5	519.0	47	48
0	933.0	520.0	48	48
0	930.0	520.5	48	49
0	927.0	520.5	48	49
0	924.0	521.5	48	49
0	920.0	521.5	48	49
0	918.0	521.5	48	49
0	914.0	522.0	48	50
0	911.0	521.5	48	49
0	908.0	520.5	48	49
0	906.0	520.5	48	49
0	905.0	519.5	48	49
0	902.0	520.5	48	49
0	899.0	519.5	48	49
0	897.0	519.5	48	49
0	895.0	518.5	48	49
0	893.0	517.5	48	49
0	889.5	517.5	49	49
0	888.0	517.5	48	49
0	886.0	517.5	48	49
0	883.5	516.5	49	49
0	881.0	516.5	48	49
0	880.0	516.5	48	49
0	877.0	515.5	48	49
0	876.0	515.5	48	49
0	875.0	514.5	48	49
0	876.0	514.0	48	48
0	874.0	514.5	48	49
0	873.0	514.5	48	49
0	873.0	513.0	48	48
0	871.0	512.5	48	49
0	870.0	511.5	48	49
0	869.0	509.5	48	49
0	868.0	509.5	48	49
0	867.0	508.5	48	49
0	867.0	507.5	48	49
0	866.0	506.5	48	49
0	866.0	506.0	48	48
0	866.0	505.5	48	49
0	866.0	504.5	48	49
0	866.0	502.5	48	49
0	866.0	501.5	48	49
0	866.0	500.5	48	49
0	866.0	500.5	48	49
0	866.0	498.5	48	49
0	866.0	498.5	48	49
0	865.0	498.5	48	49
0	866.0	497.5	48	49
0	865.0	497.5	48	49
0	865.0	496.5	48	49
0	866.0	495.5	48	49
0	866.0	495.0	48	48
0	866.0	495.5	48	49
0	866.0	494.5	48	49
0	867.0	494.5	48	49
0	867.0	494.5	48	49
0	866.0	494.5	48	49
0	868.0	494.5	48	49
0	867.0	493.5	48	49
0	868.0	493.5	48	49
0	869.5	493.5	47	49
0	870.0	494.5	48	49
0	870.0	494.5	48	49
0	870.5	494.5	47	49
0	871.5	494.5	47	49
0	873.0	495.5	48	49
0	874.0	495.5	48	49
0	874.0	497.0	48	50
0	874.5	497.5	47	49
0	874.5	499.0	47	50
0	876.5	498.5	47	49
0	877.0	500.0	48	50
0	877.5	501.0	47	50
0	878.0	501.5	48	49
0	879.0	503.0	48	50
0	879.0	502.5	48	49
0	880.0	503.5	48	49
0	879.0	504.0	48	50
0	880.0	503.5	48	49
0	880.0	505.0	48	50
0	881.0	504.5	48	49
0	881.0	506.0	48	50
0	881.0	506.5	48	49
0	880.5	506.5	49	49
0	881.0	507.5	48	49
0	881.5	507.5	49	49
0	881.0	509.5	48	49
0	881.0	509.5	48	49
0	879.0	510.0	48	48
0	878.0	510.0	48	48
0	878.0	511.0	48	48
0	877.0	511.5	48	49
0	877.0	512.5	48	49
0	876.0	511.5	48	49
0	875.0	511.5	48	49
0	875.0	511.5	48	49
0	875.5	510.5	49	49
0	874.5	510.5	49	49
0	873.0	510.5	48	49
0	873.0	510.5	48	49
0	873.0	510.5	48	49
0	872.0	509.5	48	49
0	871.0	509.5	48	49
0	871.0	509.5	48	49
0	870.0	510.5	48	49
0	869.0	509.5	48	49
0	868.0	510.5	48	49
0	867.0	509.5	48	49
0	865.0	509.5	48	49
0	864.0	510.5	48	49
0	863.0	510.5	48	49
0	862.5	510.5	49	49
